0.0000000000000000e+00 3.1525474017169290e+02 1.0233496865048705e-01
1.0000000000000000e-02 1.0812470767446843e+02 9.5770245974801063e-02
2.0000000000000000e-02 8.4976690172958797e+01 8.3899765308279819e-02
2.9999999999999999e-02 7.4083947742738957e+01 7.8787789013368109e-02
4.0000000000000001e-02 6.7312308427253967e+01 7.3663386791298496e-02
5.0000000000000003e-02 6.2829270729470238e+01 6.7386737523765242e-02
5.9999999999999998e-02 5.9518014321414746e+01 6.1245229219842594e-02
7.0000000000000007e-02 5.7044872274279641e+01 5.5213403011067773e-02
8.0000000000000002e-02 5.5082251883584597e+01 4.9250810430643249e-02
8.9999999999999997e-02 5.3476804983937740e+01 4.3736855790163433e-02
1.0000000000000001e-01 5.2148565497842320e+01 3.8837040219042746e-02
1.1000000000000000e-01 5.1038256552147494e+01 3.4630357977763378e-02
1.2000000000000000e-01 5.0192654960195803e+01 3.1659050747261809e-02
1.3000000000000000e-01 4.9347053368244211e+01 2.8687743516764171e-02
1.4000000000000001e-01 4.8639457203862385e+01 2.6431664089004301e-02
1.4999999999999999e-01 4.8039198594256980e+01 2.4731872952258840e-02
1.6000000000000000e-01 4.7449103166243816e+01 2.3083406753863840e-02
1.7000000000000001e-01 4.7011455462114867e+01 2.2204814630693334e-02
1.7999999999999999e-01 4.6573807757985833e+01 2.1326222507533847e-02
1.9000000000000000e-01 4.6193465019650120e+01 2.0693166720776868e-02
2.0000000000000001e-01 4.5857692810264808e+01 2.0251083640119977e-02
2.0999999999999999e-01 4.5527766062412937e+01 1.9826651297075847e-02
2.2000000000000000e-01 4.5285521237563088e+01 1.9666980018233002e-02
2.3000000000000001e-01 4.5043276412713261e+01 1.9507308739386459e-02
2.3999999999999999e-01 4.4801031587863363e+01 1.9347637460542064e-02
2.5000000000000000e-01 4.4558786763013522e+01 1.9187966181696787e-02
2.6000000000000001e-01 4.4321750331577249e+01 1.9033425757006367e-02
2.7000000000000002e-01 4.4162839801345555e+01 1.8955848144657339e-02
2.8000000000000003e-01 4.4003929271113726e+01 1.8878270532311558e-02
2.8999999999999998e-01 4.3845018740882075e+01 1.8800692919965740e-02
2.9999999999999999e-01 4.3686108210650112e+01 1.8723115307619168e-02
3.1000000000000000e-01 4.3530583564280803e+01 1.8648890073853102e-02
3.2000000000000001e-01 4.3425847175846293e+01 1.8624950518792545e-02
3.3000000000000002e-01 4.3321110787411705e+01 1.8601010963732050e-02
3.4000000000000002e-01 4.3216374398977052e+01 1.8577071408673821e-02
3.5000000000000003e-01 4.3111638010542613e+01 1.8553131853612480e-02
3.5999999999999999e-01 4.3008933347791114e+01 1.8529725044691872e-02
3.7000000000000000e-01 4.2936704570285826e+01 1.8514309427857329e-02
3.8000000000000000e-01 4.2864475792780517e+01 1.8498893811024524e-02
3.9000000000000001e-01 4.2792247015275201e+01 1.8483478194190599e-02
4.0000000000000002e-01 4.2720018237769956e+01 1.8468062577356132e-02
4.1000000000000003e-01 4.2649087149742421e+01 1.8453699724858441e-02
4.1999999999999998e-01 4.2597621403880723e+01 1.8455128337406215e-02
4.2999999999999999e-01 4.2546155658019046e+01 1.8456556949952598e-02
4.4000000000000000e-01 4.2494689912157327e+01 1.8457985562499449e-02
4.5000000000000001e-01 4.2443224166295650e+01 1.8459414175046689e-02
4.6000000000000002e-01 4.2392926661143214e+01 1.8461448270101672e-02
4.7000000000000003e-01 4.2360152766628865e+01 1.8472564602780347e-02
4.7999999999999998e-01 4.2327378872114558e+01 1.8483680935458251e-02
4.8999999999999999e-01 4.2294604977600180e+01 1.8494797268133693e-02
5.0000000000000000e-01 4.2261831083085823e+01 1.8505913600814002e-02
5.1000000000000001e-01 4.2229057188571431e+01 1.8517029933487503e-02
5.2000000000000002e-01 4.2196283294057096e+01 1.8528146266167236e-02
5.3000000000000003e-01 4.2163509399542754e+01 1.8539262598844929e-02
5.4000000000000004e-01 4.2130735505028433e+01 1.8550378931522789e-02
5.5000000000000004e-01 4.2097961610514005e+01 1.8561495264200346e-02
5.6000000000000005e-01 4.2066073173247965e+01 1.8572485479379883e-02
5.7000000000000006e-01 4.2047466594706002e+01 1.8581583932098068e-02
5.7999999999999996e-01 4.2028860016164046e+01 1.8590682384815992e-02
5.8999999999999997e-01 4.2010253437622083e+01 1.8599780837533438e-02
5.9999999999999998e-01 4.1991646859080085e+01 1.8608879290252778e-02
6.0999999999999999e-01 4.1973040280538115e+01 1.8617977742971283e-02
6.2000000000000000e-01 4.1954433701996201e+01 1.8627076195688506e-02
6.3000000000000000e-01 4.1935827123454075e+01 1.8636174648405310e-02
6.4000000000000001e-01 4.1917220544912148e+01 1.8645273101123631e-02
6.5000000000000002e-01 4.1898613966370178e+01 1.8654371553844064e-02
6.6000000000000003e-01 4.1880480490575948e+01 1.8664471733806955e-02
6.7000000000000004e-01 4.1869443555997719e+01 1.8689597822468932e-02
6.8000000000000005e-01 4.1858406621419469e+01 1.8714723911129546e-02
6.9000000000000006e-01 4.1847369686841375e+01 1.8739849999789834e-02
7.0000000000000007e-01 4.1836332752263104e+01 1.8764976088451294e-02
7.0999999999999996e-01 4.1825295817684932e+01 1.8790102177112567e-02
7.1999999999999997e-01 4.1814258883106717e+01 1.8815228265772414e-02
7.2999999999999998e-01 4.1803221948528517e+01 1.8840354354434589e-02
7.3999999999999999e-01 4.1792185013950281e+01 1.8865480443094412e-02
7.5000000000000000e-01 4.1781148079372031e+01 1.8890606531755966e-02
7.6000000000000001e-01 4.1770355084351706e+01 1.8914546346143098e-02
7.7000000000000002e-01 4.1763221182697400e+01 1.8920692046428666e-02
7.8000000000000003e-01 4.1756087281043094e+01 1.8926837746715369e-02
7.9000000000000004e-01 4.1748953379388809e+01 1.8932983447000434e-02
8.0000000000000004e-01 4.1741819477734673e+01 1.8939129147283410e-02
8.1000000000000005e-01 4.1734685576080366e+01 1.8945274847571518e-02
8.2000000000000006e-01 4.1727551674426152e+01 1.8951420547855764e-02
8.3000000000000007e-01 4.1720417772771832e+01 1.8957566248143799e-02
8.3999999999999997e-01 4.1713283871117603e+01 1.8963711948427130e-02
8.4999999999999998e-01 4.1706149969463326e+01 1.8969857648713600e-02
8.5999999999999999e-01 4.1699161710314812e+01 1.8977004404239155e-02
8.7000000000000000e-01 4.1694358088752679e+01 1.8999166988390909e-02
8.8000000000000000e-01 4.1689554467190632e+01 1.9021329572542260e-02
8.9000000000000001e-01 4.1684750845628457e+01 1.9043492156694073e-02
9.0000000000000002e-01 4.1679947224066339e+01 1.9065654740844009e-02
9.1000000000000003e-01 4.1675143602504257e+01 1.9087817324995430e-02
9.2000000000000004e-01 4.1670339980942103e+01 1.9109979909147329e-02
9.3000000000000005e-01 4.1665536359379921e+01 1.9132142493298809e-02
9.4000000000000006e-01 4.1660732737817895e+01 1.9154305077450473e-02
9.5000000000000007e-01 4.1655929116255670e+01 1.9176467661601013e-02
9.5999999999999996e-01 4.1651214635247193e+01 1.9198059739863618e-02
9.6999999999999997e-01 4.1647837262542076e+01 1.9211094229788877e-02
9.7999999999999998e-01 4.1644459889836895e+01 1.9224128719713723e-02
9.8999999999999999e-01 4.1641082517131728e+01 1.9237163209639318e-02
1.0000000000000000e+00 4.1637705144426519e+01 1.9250197699565395e-02
1.0100000000000000e+00 4.1634327771721416e+01 1.9263232189491390e-02
1.0200000000000000e+00 4.1630950399016278e+01 1.9276266679417061e-02
1.0300000000000000e+00 4.1627573026311161e+01 1.9289301169342465e-02
1.0400000000000000e+00 4.1624195653605952e+01 1.9302335659268609e-02
1.0500000000000000e+00 4.1620818280900920e+01 1.9315370149192351e-02
1.0600000000000001e+00 4.1617501464304553e+01 1.9328786981759081e-02
1.0700000000000001e+00 4.1615092989339743e+01 1.9347938953934760e-02
1.0800000000000001e+00 4.1612684514374905e+01 1.9367090926110227e-02
1.0900000000000001e+00 4.1610276039410174e+01 1.9386242898285413e-02
1.1000000000000001e+00 4.1607867564445385e+01 1.9405394870460176e-02
1.1100000000000001e+00 4.1605459089480611e+01 1.9424546842636146e-02
1.1200000000000001e+00 4.1603050614515901e+01 1.9443698814811963e-02
1.1300000000000001e+00 4.1600642139551027e+01 1.9462850786987809e-02
1.1400000000000001e+00 4.1598233664586274e+01 1.9482002759163709e-02
1.1500000000000001e+00 4.1595825189621493e+01 1.9501154731337879e-02
1.1599999999999999e+00 4.1593456546442354e+01 1.9520583799099281e-02
1.1699999999999999e+00 4.1591685380046954e+01 1.9544169300648083e-02
1.1799999999999999e+00 4.1589914213651554e+01 1.9567754802198158e-02
1.1899999999999999e+00 4.1588143047256125e+01 1.9591340303748317e-02
1.2000000000000000e+00 4.1586371880860703e+01 1.9614925805296897e-02
1.2100000000000000e+00 4.1584600714465253e+01 1.9638511306846566e-02
1.2200000000000000e+00 4.1582829548069910e+01 1.9662096808395785e-02
1.2300000000000000e+00 4.1581058381674495e+01 1.9685682309948181e-02
1.2400000000000000e+00 4.1579287215279159e+01 1.9709267811495748e-02
1.2500000000000000e+00 4.1577516048883702e+01 1.9732853313045490e-02
1.2600000000000000e+00 4.1575774782434905e+01 1.9755801762141669e-02
1.2700000000000000e+00 4.1574482015184032e+01 1.9769194424441153e-02
1.2800000000000000e+00 4.1573189247933179e+01 1.9782587086741042e-02
1.2900000000000000e+00 4.1571896480682234e+01 1.9795979749038285e-02
1.3000000000000000e+00 4.1570603713431389e+01 1.9809372411338844e-02
1.3100000000000001e+00 4.1569310946180529e+01 1.9822765073638893e-02
1.3200000000000001e+00 4.1568018178929670e+01 1.9836157735937616e-02
1.3300000000000001e+00 4.1566725411678895e+01 1.9849550398235379e-02
1.3400000000000001e+00 4.1565432644427986e+01 1.9862943060536764e-02
1.3500000000000001e+00 4.1564139877177169e+01 1.9876335722835418e-02
1.3600000000000001e+00 4.1562868557240577e+01 1.9890487900889733e-02
1.3700000000000001e+00 4.1561918947018384e+01 1.9916032815269269e-02
1.3800000000000001e+00 4.1560969336796070e+01 1.9941577729650582e-02
1.3900000000000001e+00 4.1560019726573863e+01 1.9967122644028411e-02
1.4000000000000001e+00 4.1559070116351513e+01 1.9992667558409085e-02
1.4099999999999999e+00 4.1558120506129356e+01 2.0018212472789600e-02
1.4199999999999999e+00 4.1557170895907070e+01 2.0043757387168220e-02
1.4299999999999999e+00 4.1556221285684863e+01 2.0069302301547798e-02
1.4399999999999999e+00 4.1555271675462528e+01 2.0094847215927674e-02
1.4500000000000000e+00 4.1554322065240342e+01 2.0120392130308796e-02
1.4600000000000000e+00 4.1553385969210353e+01 2.0144830051353924e-02
1.4700000000000000e+00 4.1552652586065541e+01 2.0152663072421629e-02
1.4800000000000000e+00 4.1551919202920722e+01 2.0160496093488287e-02
1.4900000000000000e+00 4.1551185819775853e+01 2.0168329114554705e-02
1.5000000000000000e+00 4.1550452436631055e+01 2.0176162135621560e-02
1.5100000000000000e+00 4.1549719053486278e+01 2.0183995156688214e-02
1.5200000000000000e+00 4.1548985670341423e+01 2.0191828177755184e-02
1.5300000000000000e+00 4.1548252287196540e+01 2.0199661198820430e-02
1.5400000000000000e+00 4.1547518904051763e+01 2.0207494219888242e-02
1.5500000000000000e+00 4.1546785520906873e+01 2.0215327240953960e-02
1.5600000000000001e+00 4.1546066023318851e+01 2.0224043789469785e-02
1.5700000000000001e+00 4.1545554809082212e+01 2.0246013249726635e-02
1.5800000000000001e+00 4.1545043594845552e+01 2.0267982709983916e-02
1.5900000000000001e+00 4.1544532380608928e+01 2.0289952170240301e-02
1.6000000000000001e+00 4.1544021166372275e+01 2.0311921630498081e-02
1.6100000000000001e+00 4.1543509952135608e+01 2.0333891090753911e-02
1.6200000000000001e+00 4.1542998737898856e+01 2.0355860551013835e-02
1.6300000000000001e+00 4.1542487523662302e+01 2.0377830011270626e-02
1.6400000000000001e+00 4.1541976309425699e+01 2.0399799471528483e-02
1.6500000000000001e+00 4.1541465095189061e+01 2.0421768931785638e-02
1.6600000000000001e+00 4.1540959671607901e+01 2.0442815426660717e-02
1.6699999999999999e+00 4.1540541107861024e+01 2.0450017440799311e-02
1.6799999999999999e+00 4.1540122544114134e+01 2.0457219454939144e-02
1.6899999999999999e+00 4.1539703980367122e+01 2.0464421469079567e-02
1.7000000000000000e+00 4.1539285416620217e+01 2.0471623483220260e-02
1.7100000000000000e+00 4.1538866852873369e+01 2.0478825497360117e-02
1.7200000000000000e+00 4.1538448289126265e+01 2.0486027511499715e-02
1.7300000000000000e+00 4.1538029725379381e+01 2.0493229525641438e-02
1.7400000000000000e+00 4.1537611161632476e+01 2.0500431539781299e-02
1.7500000000000000e+00 4.1537192597885522e+01 2.0507633553922204e-02
1.7600000000000000e+00 4.1536782260818441e+01 2.0515929001199508e-02
1.7700000000000000e+00 4.1536495323949254e+01 2.0540625945552029e-02
1.7800000000000000e+00 4.1536208387080066e+01 2.0565322889904803e-02
1.7900000000000000e+00 4.1535921450210893e+01 2.0590019834255111e-02
1.8000000000000000e+00 4.1535634513341677e+01 2.0614716778609054e-02
1.8100000000000001e+00 4.1535347576472510e+01 2.0639413722961211e-02
1.8200000000000001e+00 4.1535060639603323e+01 2.0664110667313683e-02
1.8300000000000001e+00 4.1534773702734135e+01 2.0688807611667529e-02
1.8400000000000001e+00 4.1534486765864848e+01 2.0713504556020213e-02
1.8500000000000001e+00 4.1534199828995646e+01 2.0738201500371450e-02
1.8600000000000001e+00 4.1533916819647423e+01 2.0761546890450264e-02
1.8700000000000001e+00 4.1533692723111436e+01 2.0764618966405343e-02
1.8800000000000001e+00 4.1533468626575399e+01 2.0767691042362802e-02
1.8900000000000001e+00 4.1533244530039497e+01 2.0770763118318904e-02
1.9000000000000001e+00 4.1533020433503495e+01 2.0773835194275180e-02
1.9100000000000001e+00 4.1532796336967650e+01 2.0776907270231851e-02
1.9199999999999999e+00 4.1532572240431769e+01 2.0779979346188616e-02
1.9299999999999999e+00 4.1532348143895781e+01 2.0783051422144466e-02
1.9399999999999999e+00 4.1532124047359865e+01 2.0786123498100165e-02
1.9500000000000000e+00 4.1531899950823870e+01 2.0789195574057874e-02
1.9600000000000000e+00 4.1531679062013232e+01 2.0793200018856938e-02
1.9700000000000000e+00 4.1531506289081889e+01 2.0811189996319344e-02
1.9800000000000000e+00 4.1531333516150603e+01 2.0829179973781354e-02
1.9900000000000000e+00 4.1531160743219111e+01 2.0847169951242958e-02
2.0000000000000000e+00 4.1530987970287853e+01 2.0865159928703268e-02
