0 0.0000000000000000e+00 0.0000000000000000e+00 0.0000000000000000e+00 0.0000000000000000e+00 0.0000000000000000e+00 0.0000000000000000e+00 0.0000000000000000e+00 0.0000000000000000e+00 0.0000000000000000e+00 0.0000000000000000e+00 1.4204545454545455e-03
100 6.4010316022884428e-01 2.5904950744091408e+00 -1.2798990265672217e-04 0.0000000000000000e+00 2.5904950744091408e+00 -1.2798990265672217e-04 0.0000000000000000e+00 0.0000000000000000e+00 0.0000000000000000e+00 0.0000000000000000e+00 7.0291443893956166e-03
200 1.3560792917735576e+00 5.7920537182461995e+00 -8.2661271801427461e-03 0.0000000000000000e+00 5.7920537182461995e+00 -8.2661271801427461e-03 0.0000000000000000e+00 0.0000000000000000e+00 0.0000000000000000e+00 0.0000000000000000e+00 7.2590730162248865e-03
300 2.0889773236365028e+00 9.9824035182708375e+00 -1.6197671635296729e-02 0.0000000000000000e+00 9.9824035182708375e+00 -1.6197671635296729e-02 0.0000000000000000e+00 0.0000000000000000e+00 0.0000000000000000e+00 0.0000000000000000e+00 7.4125978871830145e-03
400 2.8412563594978919e+00 1.0829837014987692e+01 -1.7721988307372261e-02 0.0000000000000000e+00 1.0829837014987692e+01 -1.7721988307372261e-02 0.0000000000000000e+00 0.0000000000000000e+00 0.0000000000000000e+00 0.0000000000000000e+00 7.6183390313114803e-03
500 3.6100334167593320e+00 1.0400898717934709e+01 -2.2033083575393242e-02 0.0000000000000000e+00 1.0400898717934709e+01 -2.2033083575393242e-02 0.0000000000000000e+00 0.0000000000000000e+00 0.0000000000000000e+00 0.0000000000000000e+00 7.7458977059612659e-03
600 4.3891388210145301e+00 1.0121420378349805e+01 -3.6084807020952958e-02 0.0000000000000000e+00 1.0121420378349805e+01 -3.6084807020952958e-02 0.0000000000000000e+00 0.0000000000000000e+00 0.0000000000000000e+00 0.0000000000000000e+00 7.8295091049701265e-03
700 5.1746236942892603e+00 9.6321609251415374e+00 -9.6453306601260280e-02 0.0000000000000000e+00 9.6321609251415374e+00 -9.6453306601260280e-02 0.0000000000000000e+00 0.0000000000000000e+00 0.0000000000000000e+00 0.0000000000000000e+00 7.8739090429097540e-03
800 5.9634649450146329e+00 9.4702253103615153e+00 -1.8213453000950786e-01 0.0000000000000000e+00 9.4702253103615153e+00 -1.8213453000950786e-01 0.0000000000000000e+00 0.0000000000000000e+00 0.0000000000000000e+00 0.0000000000000000e+00 7.9009402005135853e-03
900 6.7545771704070781e+00 9.5375984182858318e+00 -2.0974277974441247e-01 0.0000000000000000e+00 9.5375984182858318e+00 -2.0974277974441247e-01 0.0000000000000000e+00 0.0000000000000000e+00 0.0000000000000000e+00 0.0000000000000000e+00 7.9201222276749691e-03
1000 7.5476093127987527e+00 9.7896739861232138e+00 -5.5588715150317602e-03 0.0000000000000000e+00 9.7896739861232138e+00 -5.5588715150317602e-03 0.0000000000000000e+00 0.0000000000000000e+00 0.0000000000000000e+00 0.0000000000000000e+00 7.9434137628486053e-03
1100 8.3439878728111996e+00 9.9618499196707049e+00 4.2438071491495333e-01 0.0000000000000000e+00 9.9618499196707049e+00 4.2438071491495333e-01 0.0000000000000000e+00 0.0000000000000000e+00 0.0000000000000000e+00 0.0000000000000000e+00 7.9734521622130006e-03
1200 9.1398407552546015e+00 9.9415507724886005e+00 8.7964213474733155e-01 0.0000000000000000e+00 9.9415507724886005e+00 8.7964213474733155e-01 0.0000000000000000e+00 0.0000000000000000e+00 0.0000000000000000e+00 0.0000000000000000e+00 7.9428395046244136e-03
1300 9.9329409665278892e+00 9.9485844354094084e+00 1.0559011131019944e+00 0.0000000000000000e+00 9.9485844354094084e+00 1.0559011131019944e+00 0.0000000000000000e+00 0.0000000000000000e+00 0.0000000000000000e+00 0.0000000000000000e+00 7.9236083808176660e-03
1400 1.0725417979842646e+01 1.0202767050968909e+01 6.3403526028560542e-01 0.0000000000000000e+00 1.0202767050968909e+01 6.3403526028560542e-01 0.0000000000000000e+00 0.0000000000000000e+00 0.0000000000000000e+00 0.0000000000000000e+00 7.9251106396858902e-03
1500 1.1517210234641581e+01 1.0397105638797143e+01 -1.2300220837440179e-01 0.0000000000000000e+00 1.0397105638797143e+01 -1.2300220837440179e-01 0.0000000000000000e+00 0.0000000000000000e+00 0.0000000000000000e+00 0.0000000000000000e+00 7.9111078500525307e-03
1600 1.2308257814601514e+01 1.0366691781868068e+01 -5.2139684694548905e-01 0.0000000000000000e+00 1.0366691781868068e+01 -5.2139684694548905e-01 0.0000000000000000e+00 0.0000000000000000e+00 0.0000000000000000e+00 0.0000000000000000e+00 7.9113794248207043e-03
1700 1.3097549369645204e+01 1.0241290920807463e+01 -3.7550945193485941e-01 0.0000000000000000e+00 1.0241290920807463e+01 -3.7550945193485941e-01 0.0000000000000000e+00 0.0000000000000000e+00 0.0000000000000000e+00 0.0000000000000000e+00 7.8800247988446998e-03
1800 1.3885512791988843e+01 1.0168514509165222e+01 -2.1672438028609964e-02 0.0000000000000000e+00 1.0168514509165222e+01 -2.1672438028609964e-02 0.0000000000000000e+00 0.0000000000000000e+00 0.0000000000000000e+00 0.0000000000000000e+00 7.8829888836587179e-03
1900 1.4674511390335699e+01 1.0154276745484314e+01 2.0444236232135038e-01 0.0000000000000000e+00 1.0154276745484314e+01 2.0444236232135038e-01 0.0000000000000000e+00 0.0000000000000000e+00 0.0000000000000000e+00 0.0000000000000000e+00 7.8920617344592266e-03
2000 1.5463308590425100e+01 1.0153659134769180e+01 2.6264311621719671e-01 0.0000000000000000e+00 1.0153659134769180e+01 2.6264311621719671e-01 0.0000000000000000e+00 0.0000000000000000e+00 0.0000000000000000e+00 0.0000000000000000e+00 7.8854392562043903e-03
2100 1.6251970686708948e+01 1.0151409765438856e+01 1.7553955982888814e-01 0.0000000000000000e+00 1.0151409765438856e+01 1.7553955982888814e-01 0.0000000000000000e+00 0.0000000000000000e+00 0.0000000000000000e+00 0.0000000000000000e+00 7.8895651941631520e-03
2200 1.7041478626934925e+01 1.0147405152352041e+01 6.4982924072478299e-02 0.0000000000000000e+00 1.0147405152352041e+01 6.4982924072478299e-02 0.0000000000000000e+00 0.0000000000000000e+00 0.0000000000000000e+00 0.0000000000000000e+00 7.9000804741588427e-03
2300 1.7831658648554917e+01 1.0141792094329467e+01 2.4908905054244479e-02 0.0000000000000000e+00 1.0141792094329467e+01 2.4908905054244479e-02 0.0000000000000000e+00 0.0000000000000000e+00 0.0000000000000000e+00 0.0000000000000000e+00 7.9003147098925201e-03
2400 1.8621543182494051e+01 1.0137362439369753e+01 3.0400206645267658e-02 0.0000000000000000e+00 1.0137362439369753e+01 3.0400206645267658e-02 0.0000000000000000e+00 0.0000000000000000e+00 0.0000000000000000e+00 0.0000000000000000e+00 7.8981737581978531e-03
2500 1.9411385833794409e+01 1.0135047608102601e+01 3.7782417817499914e-02 0.0000000000000000e+00 1.0135047608102601e+01 3.7782417817499914e-02 0.0000000000000000e+00 0.0000000000000000e+00 0.0000000000000000e+00 0.0000000000000000e+00 7.8989913852254949e-03
2600 2.0201373317588118e+01 1.0133668275482254e+01 2.7825249766192495e-02 0.0000000000000000e+00 1.0133668275482254e+01 2.7825249766192495e-02 0.0000000000000000e+00 0.0000000000000000e+00 0.0000000000000000e+00 0.0000000000000000e+00 7.9007456258836737e-03
2700 2.0991509358210727e+01 1.0130811702876526e+01 -4.7819428840808476e-03 0.0000000000000000e+00 1.0130811702876526e+01 -4.7819428840808476e-03 0.0000000000000000e+00 0.0000000000000000e+00 0.0000000000000000e+00 0.0000000000000000e+00 7.9017597270325604e-03
2800 2.1781703577663304e+01 1.0131119932063690e+01 -3.9012204547406504e-02 0.0000000000000000e+00 1.0131119932063690e+01 -3.9012204547406504e-02 0.0000000000000000e+00 0.0000000000000000e+00 0.0000000000000000e+00 0.0000000000000000e+00 7.9021541103678830e-03
2900 2.2571961527784939e+01 1.0131835091979205e+01 -6.1731623585968842e-02 0.0000000000000000e+00 1.0131835091979205e+01 -6.1731623585968842e-02 0.0000000000000000e+00 0.0000000000000000e+00 0.0000000000000000e+00 0.0000000000000000e+00 7.9030924088888573e-03
3000 2.3362318094755949e+01 1.0134198720411183e+01 -6.8186095883089992e-02 0.0000000000000000e+00 1.0134198720411183e+01 -6.8186095883089992e-02 0.0000000000000000e+00 0.0000000000000000e+00 0.0000000000000000e+00 0.0000000000000000e+00 7.9039624430124189e-03
3100 2.4152761322638856e+01 1.0136856534348498e+01 -6.5904952027384778e-02 0.0000000000000000e+00 1.0136856534348498e+01 -6.5904952027384778e-02 0.0000000000000000e+00 0.0000000000000000e+00 0.0000000000000000e+00 0.0000000000000000e+00 7.9049056333557795e-03
3200 2.4943298944867259e+01 1.0139007001654262e+01 -7.1177134185529622e-02 0.0000000000000000e+00 1.0139007001654262e+01 -7.1177134185529622e-02 0.0000000000000000e+00 0.0000000000000000e+00 0.0000000000000000e+00 0.0000000000000000e+00 7.9057896927749016e-03
3300 2.5733911533094069e+01 1.0141190133935295e+01 -8.1981076863395286e-02 0.0000000000000000e+00 1.0141190133935295e+01 -8.1981076863395286e-02 0.0000000000000000e+00 0.0000000000000000e+00 0.0000000000000000e+00 0.0000000000000000e+00 7.9064504825183800e-03
3400 2.6524593387340293e+01 1.0141870236843733e+01 -9.0747983893037176e-02 0.0000000000000000e+00 1.0141870236843733e+01 -9.0747983893037176e-02 0.0000000000000000e+00 0.0000000000000000e+00 0.0000000000000000e+00 0.0000000000000000e+00 7.9072193950436489e-03
3500 2.7315374388193309e+01 1.0142043518117335e+01 -9.7418846767535316e-02 0.0000000000000000e+00 1.0142043518117335e+01 -9.7418846767535316e-02 0.0000000000000000e+00 0.0000000000000000e+00 0.0000000000000000e+00 0.0000000000000000e+00 7.9084846094460530e-03
3600 2.8106315485603986e+01 1.0141387851270608e+01 -1.0072142796855310e-01 0.0000000000000000e+00 1.0141387851270608e+01 -1.0072142796855310e-01 0.0000000000000000e+00 0.0000000000000000e+00 0.0000000000000000e+00 0.0000000000000000e+00 7.9104116164006380e-03
3700 2.8897470657836319e+01 1.0140280781111406e+01 -1.0031199248057698e-01 0.0000000000000000e+00 1.0140280781111406e+01 -1.0031199248057698e-01 0.0000000000000000e+00 0.0000000000000000e+00 0.0000000000000000e+00 0.0000000000000000e+00 7.9126704489399253e-03
3800 2.9688526099872654e+01 1.0139176969164021e+01 -9.0275485573055203e-02 0.0000000000000000e+00 1.0139176969164021e+01 -9.0275485573055203e-02 0.0000000000000000e+00 0.0000000000000000e+00 0.0000000000000000e+00 0.0000000000000000e+00 7.9086300494224104e-03
3900 3.0479243626106783e+01 1.0137932920634899e+01 -7.9486478477247657e-02 0.0000000000000000e+00 1.0137932920634899e+01 -7.9486478477247657e-02 0.0000000000000000e+00 0.0000000000000000e+00 0.0000000000000000e+00 0.0000000000000000e+00 7.9058966726236381e-03
4000 3.1269708986851430e+01 1.0137824328704301e+01 -6.5236430793103817e-02 0.0000000000000000e+00 1.0137824328704301e+01 -6.5236430793103817e-02 0.0000000000000000e+00 0.0000000000000000e+00 0.0000000000000000e+00 0.0000000000000000e+00 7.9036517910521659e-03
4100 3.2060021418374077e+01 1.0138524848145956e+01 -4.5729785350416829e-02 0.0000000000000000e+00 1.0138524848145956e+01 -4.5729785350416829e-02 0.0000000000000000e+00 0.0000000000000000e+00 0.0000000000000000e+00 0.0000000000000000e+00 7.9028994983867621e-03
4200 3.2850348370099567e+01 1.0139300156231469e+01 -2.3195842275901324e-02 0.0000000000000000e+00 1.0139300156231469e+01 -2.3195842275901324e-02 0.0000000000000000e+00 0.0000000000000000e+00 0.0000000000000000e+00 0.0000000000000000e+00 7.9038352147552341e-03
4300 3.3640821783658581e+01 1.0140975494291274e+01 2.0380754007900403e-03 0.0000000000000000e+00 1.0140975494291274e+01 2.0380754007900403e-03 0.0000000000000000e+00 0.0000000000000000e+00 0.0000000000000000e+00 0.0000000000000000e+00 7.9057627478677488e-03
4400 3.4431506366202065e+01 1.0141896840862515e+01 2.7746660413909829e-02 0.0000000000000000e+00 1.0141896840862515e+01 2.7746660413909829e-02 0.0000000000000000e+00 0.0000000000000000e+00 0.0000000000000000e+00 0.0000000000000000e+00 7.9074432995008027e-03
4500 3.5222278623351137e+01 1.0141903546273983e+01 4.8784553131467789e-02 0.0000000000000000e+00 1.0141903546273983e+01 4.8784553131467789e-02 0.0000000000000000e+00 0.0000000000000000e+00 0.0000000000000000e+00 0.0000000000000000e+00 7.9080516510724071e-03
4600 3.6013126360227631e+01 1.0141125299760287e+01 6.3932511364592881e-02 0.0000000000000000e+00 1.0141125299760287e+01 6.3932511364592881e-02 0.0000000000000000e+00 0.0000000000000000e+00 0.0000000000000000e+00 0.0000000000000000e+00 7.9089259520038722e-03
4700 3.6804050890735063e+01 1.0140073493631345e+01 8.0754046117896272e-02 0.0000000000000000e+00 1.0140073493631345e+01 8.0754046117896272e-02 0.0000000000000000e+00 0.0000000000000000e+00 0.0000000000000000e+00 0.0000000000000000e+00 7.9094330361261858e-03
4800 3.7594959253120585e+01 1.0139122367626994e+01 9.9971711377314754e-02 0.0000000000000000e+00 1.0139122367626994e+01 9.9971711377314754e-02 0.0000000000000000e+00 0.0000000000000000e+00 0.0000000000000000e+00 0.0000000000000000e+00 7.9086189648277915e-03
4900 3.8385754522921331e+01 1.0139193795371348e+01 1.1641427209344701e-01 0.0000000000000000e+00 1.0139193795371348e+01 1.1641427209344701e-01 0.0000000000000000e+00 0.0000000000000000e+00 0.0000000000000000e+00 0.0000000000000000e+00 7.9072492027413895e-03
5000 3.9176398621116874e+01 1.0140766788604878e+01 1.3030271763609569e-01 0.0000000000000000e+00 1.0140766788604878e+01 1.3030271763609569e-01 0.0000000000000000e+00 0.0000000000000000e+00 0.0000000000000000e+00 0.0000000000000000e+00 7.9055992217671352e-03
5100 3.9966857520479074e+01 1.0144187119000918e+01 1.4807583526934520e-01 0.0000000000000000e+00 1.0144187119000918e+01 1.4807583526934520e-01 0.0000000000000000e+00 0.0000000000000000e+00 0.0000000000000000e+00 0.0000000000000000e+00 7.9034988615001283e-03
5200 4.0757082461867334e+01 1.0151022825203270e+01 1.6730466322155479e-01 0.0000000000000000e+00 1.0151022825203270e+01 1.6730466322155479e-01 0.0000000000000000e+00 0.0000000000000000e+00 0.0000000000000000e+00 0.0000000000000000e+00 7.9009911808060902e-03
5300 4.1547054030246755e+01 1.0160160012050557e+01 1.7430122104320256e-01 0.0000000000000000e+00 1.0160160012050557e+01 1.7430122104320256e-01 0.0000000000000000e+00 0.0000000000000000e+00 0.0000000000000000e+00 0.0000000000000000e+00 7.8985135945863483e-03
5400 4.2336797419507654e+01 1.0171186504241849e+01 1.6432033769722620e-01 0.0000000000000000e+00 1.0171186504241849e+01 1.6432033769722620e-01 0.0000000000000000e+00 0.0000000000000000e+00 0.0000000000000000e+00 0.0000000000000000e+00 7.8964151015479701e-03
5500 4.3126320207092967e+01 1.0180662666235929e+01 1.3922732767365076e-01 0.0000000000000000e+00 1.0180662666235929e+01 1.3922732767365076e-01 0.0000000000000000e+00 0.0000000000000000e+00 0.0000000000000000e+00 0.0000000000000000e+00 7.8940136805110989e-03
5600 4.3915593806651607e+01 1.0189313493935867e+01 7.9426592519913353e-02 0.0000000000000000e+00 1.0189313493935867e+01 7.9426592519913353e-02 0.0000000000000000e+00 0.0000000000000000e+00 0.0000000000000000e+00 0.0000000000000000e+00 7.8914754694380685e-03
5700 4.4704610161416134e+01 1.0197242263997341e+01 -6.3230443460695618e-03 0.0000000000000000e+00 1.0197242263997341e+01 -6.3230443460695618e-03 0.0000000000000000e+00 0.0000000000000000e+00 0.0000000000000000e+00 0.0000000000000000e+00 7.8888293595680437e-03
5800 4.5493330728544755e+01 1.0205454803848612e+01 -1.0303224326139782e-01 0.0000000000000000e+00 1.0205454803848612e+01 -1.0303224326139782e-01 0.0000000000000000e+00 0.0000000000000000e+00 0.0000000000000000e+00 0.0000000000000000e+00 7.8854230623231474e-03
5900 4.6281660185247894e+01 1.0212478898497293e+01 -1.9699170711960856e-01 0.0000000000000000e+00 1.0212478898497293e+01 -1.9699170711960856e-01 0.0000000000000000e+00 0.0000000000000000e+00 0.0000000000000000e+00 0.0000000000000000e+00 7.8812089381408833e-03
6000 4.7069559833560476e+01 1.0214229152811747e+01 -2.6151201201175034e-01 0.0000000000000000e+00 1.0214229152811747e+01 -2.6151201201175034e-01 0.0000000000000000e+00 0.0000000000000000e+00 0.0000000000000000e+00 0.0000000000000000e+00 7.8763123743164250e-03
6100 4.7856668779953480e+01 1.0207608470527207e+01 -2.6563471903874569e-01 0.0000000000000000e+00 1.0207608470527207e+01 -2.6563471903874569e-01 0.0000000000000000e+00 0.0000000000000000e+00 0.0000000000000000e+00 0.0000000000000000e+00 7.8654624427329008e-03
6200 4.8642834419932214e+01 1.0196626636812990e+01 -2.0665171731203635e-01 0.0000000000000000e+00 1.0196626636812990e+01 -2.0665171731203635e-01 0.0000000000000000e+00 0.0000000000000000e+00 0.0000000000000000e+00 0.0000000000000000e+00 7.8593404486593538e-03
6300 4.9428775751404210e+01 1.0192663736471207e+01 -1.0407849849113626e-01 0.0000000000000000e+00 1.0192663736471207e+01 -1.0407849849113626e-01 0.0000000000000000e+00 0.0000000000000000e+00 0.0000000000000000e+00 0.0000000000000000e+00 7.8604997300126961e-03
6400 5.0215105932247546e+01 1.0196731787627220e+01 1.2918879019171436e-02 0.0000000000000000e+00 1.0196731787627220e+01 1.2918879019171436e-02 0.0000000000000000e+00 0.0000000000000000e+00 0.0000000000000000e+00 0.0000000000000000e+00 7.8665672084343545e-03
6500 5.1002134982607238e+01 1.0206659851248018e+01 9.8346501897846883e-02 0.0000000000000000e+00 1.0206659851248018e+01 9.8346501897846883e-02 0.0000000000000000e+00 0.0000000000000000e+00 0.0000000000000000e+00 0.0000000000000000e+00 7.8737945214935930e-03
6600 5.1789690999566616e+01 1.0214513245250826e+01 1.4689879765709524e-01 0.0000000000000000e+00 1.0214513245250826e+01 1.4689879765709524e-01 0.0000000000000000e+00 0.0000000000000000e+00 0.0000000000000000e+00 0.0000000000000000e+00 7.8763912545574480e-03
6700 5.2577439992770067e+01 1.0215960214583715e+01 1.8316386112655114e-01 0.0000000000000000e+00 1.0215960214583715e+01 1.8316386112655114e-01 0.0000000000000000e+00 0.0000000000000000e+00 0.0000000000000000e+00 0.0000000000000000e+00 7.8786298372745481e-03
6800 5.3365422681017790e+01 1.0212137558683494e+01 1.9142735430609714e-01 0.0000000000000000e+00 1.0212137558683494e+01 1.9142735430609714e-01 0.0000000000000000e+00 0.0000000000000000e+00 0.0000000000000000e+00 0.0000000000000000e+00 7.8811675290424207e-03
6900 5.4153748805170025e+01 1.0205855601538694e+01 1.6724531457832936e-01 0.0000000000000000e+00 1.0205855601538694e+01 1.6724531457832936e-01 0.0000000000000000e+00 0.0000000000000000e+00 0.0000000000000000e+00 0.0000000000000000e+00 7.8857914118023714e-03
7000 5.4942675247879606e+01 1.0198218811934781e+01 1.2066780060157190e-01 0.0000000000000000e+00 1.0198218811934781e+01 1.2066780060157190e-01 0.0000000000000000e+00 0.0000000000000000e+00 0.0000000000000000e+00 0.0000000000000000e+00 7.8927377702336168e-03
7100 5.5731522478466481e+01 1.0193972347579651e+01 6.9802961947654341e-02 0.0000000000000000e+00 1.0193972347579651e+01 6.9802961947654341e-02 0.0000000000000000e+00 0.0000000000000000e+00 0.0000000000000000e+00 0.0000000000000000e+00 7.8849045507011477e-03
7200 5.6519777439821006e+01 1.0194372472415566e+01 -1.1150559152293571e-02 0.0000000000000000e+00 1.0194372472415566e+01 -1.1150559152293571e-02 0.0000000000000000e+00 0.0000000000000000e+00 0.0000000000000000e+00 0.0000000000000000e+00 7.8805514720372057e-03
7300 5.7307658155770120e+01 1.0205383747986595e+01 -1.2002549169706511e-01 0.0000000000000000e+00 1.0205383747986595e+01 -1.2002549169706511e-01 0.0000000000000000e+00 0.0000000000000000e+00 0.0000000000000000e+00 0.0000000000000000e+00 7.8771742246599996e-03
7400 5.8095207189921091e+01 1.0225060092671471e+01 -2.3345768559510471e-01 0.0000000000000000e+00 1.0225060092671471e+01 -2.3345768559510471e-01 0.0000000000000000e+00 0.0000000000000000e+00 0.0000000000000000e+00 0.0000000000000000e+00 7.8737853180852642e-03
7500 5.8882388880154132e+01 1.0246941431015642e+01 -3.4705675414482995e-01 0.0000000000000000e+00 1.0246941431015642e+01 -3.4705675414482995e-01 0.0000000000000000e+00 0.0000000000000000e+00 0.0000000000000000e+00 0.0000000000000000e+00 7.8699274848751648e-03
7600 5.9669198932996551e+01 1.0261825266100187e+01 -4.3985512480384381e-01 0.0000000000000000e+00 1.0261825266100187e+01 -4.3985512480384381e-01 0.0000000000000000e+00 0.0000000000000000e+00 0.0000000000000000e+00 0.0000000000000000e+00 7.8664315999084754e-03
7700 6.0455768462142835e+01 1.0266472375263916e+01 -4.7623534854754035e-01 0.0000000000000000e+00 1.0266472375263916e+01 -4.7623534854754035e-01 0.0000000000000000e+00 0.0000000000000000e+00 0.0000000000000000e+00 0.0000000000000000e+00 7.8657157165641610e-03
7800 6.1242525225414845e+01 1.0263787384300212e+01 -4.5870916535981410e-01 0.0000000000000000e+00 1.0263787384300212e+01 -4.5870916535981410e-01 0.0000000000000000e+00 0.0000000000000000e+00 0.0000000000000000e+00 0.0000000000000000e+00 7.8702959367932378e-03
7900 6.2029990330943008e+01 1.0260810288072779e+01 -4.3346887566976888e-01 0.0000000000000000e+00 1.0260810288072779e+01 -4.3346887566976888e-01 0.0000000000000000e+00 0.0000000000000000e+00 0.0000000000000000e+00 0.0000000000000000e+00 7.8793895644874764e-03
8000 6.2818429816104093e+01 1.0257815405318420e+01 -4.2276445368770754e-01 0.0000000000000000e+00 1.0257815405318420e+01 -4.2276445368770754e-01 0.0000000000000000e+00 0.0000000000000000e+00 0.0000000000000000e+00 0.0000000000000000e+00 7.8880070422464154e-03
8100 6.3607062330118929e+01 1.0257672128819197e+01 -4.1499624047113137e-01 0.0000000000000000e+00 1.0257672128819197e+01 -4.1499624047113137e-01 0.0000000000000000e+00 0.0000000000000000e+00 0.0000000000000000e+00 0.0000000000000000e+00 7.8844976641353186e-03
8200 6.4395260237984658e+01 1.0259977566889503e+01 -4.4953879189968804e-01 0.0000000000000000e+00 1.0259977566889503e+01 -4.4953879189968804e-01 0.0000000000000000e+00 0.0000000000000000e+00 0.0000000000000000e+00 0.0000000000000000e+00 7.8789243412742110e-03
8300 6.5182724577422178e+01 1.0271258883422938e+01 -4.9584520533167953e-01 0.0000000000000000e+00 1.0271258883422938e+01 -4.9584520533167953e-01 0.0000000000000000e+00 0.0000000000000000e+00 0.0000000000000000e+00 0.0000000000000000e+00 7.8700544896759365e-03
8400 6.5969256093762127e+01 1.0297742610769824e+01 -5.2297591205985028e-01 0.0000000000000000e+00 1.0297742610769824e+01 -5.2297591205985028e-01 0.0000000000000000e+00 0.0000000000000000e+00 0.0000000000000000e+00 0.0000000000000000e+00 7.8609224722148013e-03
8500 6.6754915254185562e+01 1.0339343425484758e+01 -6.0846423185567700e-01 0.0000000000000000e+00 1.0339343425484758e+01 -6.0846423185567700e-01 0.0000000000000000e+00 0.0000000000000000e+00 0.0000000000000000e+00 0.0000000000000000e+00 7.8519740943927378e-03
8600 6.7539454031763228e+01 1.0388245671391667e+01 -7.2499296067360186e-01 0.0000000000000000e+00 1.0388245671391667e+01 -7.2499296067360186e-01 0.0000000000000000e+00 0.0000000000000000e+00 0.0000000000000000e+00 0.0000000000000000e+00 7.8380113441524346e-03
8700 6.8322447254035652e+01 1.0431976192428214e+01 -7.2354008847171225e-01 0.0000000000000000e+00 1.0431976192428214e+01 -7.2354008847171225e-01 0.0000000000000000e+00 0.0000000000000000e+00 0.0000000000000000e+00 0.0000000000000000e+00 7.8225769977595914e-03
8800 6.9104176488639382e+01 1.0448990209201583e+01 -5.9115099350585965e-01 0.0000000000000000e+00 1.0448990209201583e+01 -5.9115099350585965e-01 0.0000000000000000e+00 0.0000000000000000e+00 0.0000000000000000e+00 0.0000000000000000e+00 7.8129946377033851e-03
8900 6.9884699722397627e+01 1.0489213421058098e+01 -4.8797579814072267e-01 0.0000000000000000e+00 1.0489213421058098e+01 -4.8797579814072267e-01 0.0000000000000000e+00 0.0000000000000000e+00 0.0000000000000000e+00 0.0000000000000000e+00 7.7937014219720173e-03
9000 7.0662905584416521e+01 1.0521537055423105e+01 3.6266664955925987e-01 0.0000000000000000e+00 1.0521537055423105e+01 3.6266664955925987e-01 0.0000000000000000e+00 0.0000000000000000e+00 0.0000000000000000e+00 0.0000000000000000e+00 7.7772075152810075e-03
9100 7.1441872737264831e+01 1.0626885669232212e+01 1.5649679842192801e+00 0.0000000000000000e+00 1.0626885669232212e+01 1.5649679842192801e+00 0.0000000000000000e+00 0.0000000000000000e+00 0.0000000000000000e+00 0.0000000000000000e+00 7.8108489965991283e-03
9200 7.2221058774995612e+01 1.0808069790426181e+01 1.8035797949254095e+00 0.0000000000000000e+00 1.0808069790426181e+01 1.8035797949254095e+00 0.0000000000000000e+00 0.0000000000000000e+00 0.0000000000000000e+00 0.0000000000000000e+00 7.7541100227448631e-03
9300 7.2992694808390894e+01 1.0985596155303348e+01 8.4251985642445848e-01 0.0000000000000000e+00 1.0985596155303348e+01 8.4251985642445848e-01 0.0000000000000000e+00 0.0000000000000000e+00 0.0000000000000000e+00 0.0000000000000000e+00 7.6998454111261196e-03
9400 7.3762908158464541e+01 1.1094919930523245e+01 6.3489992337278722e-01 0.0000000000000000e+00 1.1094919930523245e+01 6.3489992337278722e-01 0.0000000000000000e+00 0.0000000000000000e+00 0.0000000000000000e+00 0.0000000000000000e+00 7.7046352060127568e-03
9500 7.4534101462959569e+01 1.1089478499223024e+01 4.0969719909824232e-01 0.0000000000000000e+00 1.1089478499223024e+01 4.0969719909824232e-01 0.0000000000000000e+00 0.0000000000000000e+00 0.0000000000000000e+00 0.0000000000000000e+00 7.7305078774744509e-03
9600 7.5309005833858720e+01 1.0950372484597274e+01 9.8773523427046594e-02 0.0000000000000000e+00 1.0950372484597274e+01 9.8773523427046594e-02 0.0000000000000000e+00 0.0000000000000000e+00 0.0000000000000000e+00 0.0000000000000000e+00 7.7434893732570235e-03
9700 7.6083544517146535e+01 1.0837133030874085e+01 6.4110188152293679e-01 0.0000000000000000e+00 1.0837133030874085e+01 6.4110188152293679e-01 0.0000000000000000e+00 0.0000000000000000e+00 0.0000000000000000e+00 0.0000000000000000e+00 7.7521759221746665e-03
9800 7.6857582668672705e+01 1.0676222308543753e+01 8.9684057328367262e-01 0.0000000000000000e+00 1.0676222308543753e+01 8.9684057328367262e-01 0.0000000000000000e+00 0.0000000000000000e+00 0.0000000000000000e+00 0.0000000000000000e+00 7.7162074777164498e-03
9900 7.7628343050483110e+01 1.0595339720022725e+01 2.4294483247599064e-01 0.0000000000000000e+00 1.0595339720022725e+01 2.4294483247599064e-01 0.0000000000000000e+00 0.0000000000000000e+00 0.0000000000000000e+00 0.0000000000000000e+00 7.7088990187591071e-03
10000 7.8401682007050596e+01 1.0513231618863527e+01 -4.8235272122177686e-01 0.0000000000000000e+00 1.0513231618863527e+01 -4.8235272122177686e-01 0.0000000000000000e+00 0.0000000000000000e+00 0.0000000000000000e+00 0.0000000000000000e+00 7.7656311120443368e-03
10100 7.9181260037690961e+01 1.0449314043120447e+01 -5.7321477849514357e-02 0.0000000000000000e+00 1.0449314043120447e+01 -5.7321477849514357e-02 0.0000000000000000e+00 0.0000000000000000e+00 0.0000000000000000e+00 0.0000000000000000e+00 7.8188148070165338e-03
10200 7.9964660491011728e+01 1.0423544181200610e+01 3.8831710224937299e-01 0.0000000000000000e+00 1.0423544181200610e+01 3.8831710224937299e-01 0.0000000000000000e+00 0.0000000000000000e+00 0.0000000000000000e+00 0.0000000000000000e+00 7.8443304471788322e-03
10300 8.0749333316097207e+01 1.0408561930149331e+01 1.3619694216304690e-01 0.0000000000000000e+00 1.0408561930149331e+01 1.3619694216304690e-01 0.0000000000000000e+00 0.0000000000000000e+00 0.0000000000000000e+00 0.0000000000000000e+00 7.8487368554555938e-03
10400 8.1533782555990484e+01 1.0423091511691190e+01 -3.3614728071701405e-01 0.0000000000000000e+00 1.0423091511691190e+01 -3.3614728071701405e-01 0.0000000000000000e+00 0.0000000000000000e+00 0.0000000000000000e+00 0.0000000000000000e+00 7.8370935014451231e-03
10500 8.2316596310316143e+01 1.0442007840693467e+01 -2.9596320891102579e-01 0.0000000000000000e+00 1.0442007840693467e+01 -2.9596320891102579e-01 0.0000000000000000e+00 0.0000000000000000e+00 0.0000000000000000e+00 0.0000000000000000e+00 7.8209790826614667e-03
10600 8.3098274912202896e+01 1.0440123634849140e+01 -6.2613010329321761e-01 0.0000000000000000e+00 1.0440123634849140e+01 -6.2613010329321761e-01 0.0000000000000000e+00 0.0000000000000000e+00 0.0000000000000000e+00 0.0000000000000000e+00 7.8126117522114760e-03
10700 8.3878982066494842e+01 1.0464085236340665e+01 -8.1406668665316873e-01 0.0000000000000000e+00 1.0464085236340665e+01 -8.1406668665316873e-01 0.0000000000000000e+00 0.0000000000000000e+00 0.0000000000000000e+00 0.0000000000000000e+00 7.8028057782946990e-03
10800 8.4659601526197264e+01 1.0457995015306984e+01 -1.1750971328700666e-01 0.0000000000000000e+00 1.0457995015306984e+01 -1.1750971328700666e-01 0.0000000000000000e+00 0.0000000000000000e+00 0.0000000000000000e+00 0.0000000000000000e+00 7.8153438711656680e-03
10900 8.5441270669257889e+01 1.0425295470044611e+01 5.5991591523179662e-01 0.0000000000000000e+00 1.0425295470044611e+01 5.5991591523179662e-01 0.0000000000000000e+00 0.0000000000000000e+00 0.0000000000000000e+00 0.0000000000000000e+00 7.8005368093462231e-03
11000 8.6220883753077615e+01 1.0439674721947659e+01 1.8816859406248920e-01 0.0000000000000000e+00 1.0439674721947659e+01 1.8816859406248920e-01 0.0000000000000000e+00 0.0000000000000000e+00 0.0000000000000000e+00 0.0000000000000000e+00 7.8000971268237873e-03
11100 8.7001994792290404e+01 1.0472870129005102e+01 -1.2220636987508215e-01 0.0000000000000000e+00 1.0472870129005102e+01 -1.2220636987508215e-01 0.0000000000000000e+00 0.0000000000000000e+00 0.0000000000000000e+00 0.0000000000000000e+00 7.8186055336809824e-03
11200 8.7783383926915434e+01 1.0497889842420648e+01 3.4235590102325686e-02 0.0000000000000000e+00 1.0497889842420648e+01 3.4235590102325686e-02 0.0000000000000000e+00 0.0000000000000000e+00 0.0000000000000000e+00 0.0000000000000000e+00 7.8068604530664252e-03
11300 8.8563906571993726e+01 1.0502398804752925e+01 -3.6755517873170018e-01 0.0000000000000000e+00 1.0502398804752925e+01 -3.6755517873170018e-01 0.0000000000000000e+00 0.0000000000000000e+00 0.0000000000000000e+00 0.0000000000000000e+00 7.8085609552229840e-03
11400 8.9345794233864510e+01 1.0494281911174729e+01 -3.0615515109810332e-01 0.0000000000000000e+00 1.0494281911174729e+01 -3.0615515109810332e-01 0.0000000000000000e+00 0.0000000000000000e+00 0.0000000000000000e+00 0.0000000000000000e+00 7.8260755782739479e-03
11500 9.0130092766974229e+01 1.0502482184943469e+01 2.3735078060975834e-01 0.0000000000000000e+00 1.0502482184943469e+01 2.3735078060975834e-01 0.0000000000000000e+00 0.0000000000000000e+00 0.0000000000000000e+00 0.0000000000000000e+00 7.8640343430110091e-03
11600 9.0918028373466626e+01 1.0583593690408232e+01 3.4268882271299539e-02 0.0000000000000000e+00 1.0583593690408232e+01 3.4268882271299539e-02 0.0000000000000000e+00 0.0000000000000000e+00 0.0000000000000000e+00 0.0000000000000000e+00 7.8897873099748449e-03
11700 9.1707670281167921e+01 1.0477458476581182e+01 -7.6720393294630296e-01 0.0000000000000000e+00 1.0477458476581182e+01 -7.6720393294630296e-01 0.0000000000000000e+00 0.0000000000000000e+00 0.0000000000000000e+00 0.0000000000000000e+00 7.8968399801211918e-03
11800 9.2493742727965440e+01 1.0395757467794830e+01 -8.5072333209051565e-01 0.0000000000000000e+00 1.0395757467794830e+01 -8.5072333209051565e-01 0.0000000000000000e+00 0.0000000000000000e+00 0.0000000000000000e+00 0.0000000000000000e+00 7.8366679841507612e-03
11900 9.3277726187274808e+01 1.0491068859500874e+01 -2.6481850479509017e-01 0.0000000000000000e+00 1.0491068859500874e+01 -2.6481850479509017e-01 0.0000000000000000e+00 0.0000000000000000e+00 0.0000000000000000e+00 0.0000000000000000e+00 7.8518369736190162e-03
12000 9.4064373781992799e+01 1.0538753161051613e+01 -3.7901514574732209e-01 0.0000000000000000e+00 1.0538753161051613e+01 -3.7901514574732209e-01 0.0000000000000000e+00 0.0000000000000000e+00 0.0000000000000000e+00 0.0000000000000000e+00 7.8769045895081494e-03
12100 9.4852284389695058e+01 1.0617510186867449e+01 -9.2274959057233175e-01 0.0000000000000000e+00 1.0617510186867449e+01 -9.2274959057233175e-01 0.0000000000000000e+00 0.0000000000000000e+00 0.0000000000000000e+00 0.0000000000000000e+00 7.8771933614966670e-03
12200 9.5638286290760277e+01 1.0777765161787466e+01 -1.5685028902890701e+00 0.0000000000000000e+00 1.0777765161787466e+01 -1.5685028902890701e+00 0.0000000000000000e+00 0.0000000000000000e+00 0.0000000000000000e+00 0.0000000000000000e+00 7.8332885354630826e-03
12300 9.6419084904510513e+01 1.0786422019258650e+01 -1.4058382818437609e+00 0.0000000000000000e+00 1.0786422019258650e+01 -1.4058382818437609e+00 0.0000000000000000e+00 0.0000000000000000e+00 0.0000000000000000e+00 0.0000000000000000e+00 7.7834555534868829e-03
12400 9.7195918274516899e+01 1.0574736164764802e+01 -1.2905561937010492e+00 0.0000000000000000e+00 1.0574736164764802e+01 -1.2905561937010492e+00 0.0000000000000000e+00 0.0000000000000000e+00 0.0000000000000000e+00 0.0000000000000000e+00 7.7575545756207306e-03
12500 9.7970643353830738e+01 1.0773816395667200e+01 -1.9133150392438740e+00 0.0000000000000000e+00 1.0773816395667200e+01 -1.9133150392438740e+00 0.0000000000000000e+00 0.0000000000000000e+00 0.0000000000000000e+00 0.0000000000000000e+00 7.7345325932037905e-03
12600 9.8742994274251174e+01 1.0808086856544747e+01 -1.6464102508445171e+00 0.0000000000000000e+00 1.0808086856544747e+01 -1.6464102508445171e+00 0.0000000000000000e+00 0.0000000000000000e+00 0.0000000000000000e+00 0.0000000000000000e+00 7.7191679675589547e-03
12700 9.9515704347845727e+01 1.0780696912654806e+01 -1.4528685020879777e+00 0.0000000000000000e+00 1.0780696912654806e+01 -1.4528685020879777e+00 0.0000000000000000e+00 0.0000000000000000e+00 0.0000000000000000e+00 0.0000000000000000e+00 7.7392741792002900e-03
