29010 7.7004171237289268e+02 3.2572790601816870e+01 2.5966439059603279e+00 3.6049971841959913e-03 2.5302616786039586e+01 2.2101279631428845e+00 0.0000000000000000e+00 7.2701738157772837e+00 3.8651594281744339e-01 3.6049971841959913e-03 8.7226641962797787e-03
29020 7.7014824013012196e+02 3.0574984706406219e+01 2.1235595433241787e+00 3.6107209490975111e-03 2.4308010612451199e+01 1.7917071548221273e+00 0.0000000000000000e+00 6.2669740939550191e+00 3.3185238850205123e-01 3.6107209490975111e-03 1.1807562605779968e-02
29030 7.7027403461374786e+02 2.9933424081880599e+01 1.6319862391335038e+00 3.6162511291153907e-03 2.4069967761729959e+01 1.3424086587100454e+00 0.0000000000000000e+00 5.8634563201506404e+00 2.8957758042345838e-01 3.6162511291153907e-03 1.3034912890097769e-02
29040 7.7040712535764862e+02 2.9757871624187214e+01 1.0885469466422639e+00 3.6188600521288236e-03 2.4034627032246153e+01 8.4243231519246997e-01 0.0000000000000000e+00 5.7232445919410617e+00 2.4611463144979395e-01 3.6188600521288236e-03 1.3462834584066418e-02
29050 7.7054263991083508e+02 2.9768760309687973e+01 4.9500883574659782e-01 3.6183585770545486e-03 2.4106524469666159e+01 2.9711613730837527e-01 0.0000000000000000e+00 5.6622358400218156e+00 1.9789269843822255e-01 3.6183585770545486e-03 1.3601329682451108e-02
29060 7.7067896267546291e+02 2.9753777776536491e+01 -9.3234596261072111e-02 3.6123590356637687e-03 2.4126408432036342e+01 -2.3914846101733644e-01 0.0000000000000000e+00 5.6273693445001491e+00 1.4591386475626433e-01 3.6123590356637687e-03 1.3648662841593932e-02
29070 7.7081551029994125e+02 2.9827746399870570e+01 -6.8601287229712549e-01 3.6015804590278332e-03 2.4223577485204068e+01 -7.7718989303272146e-01 0.0000000000000000e+00 5.6041689146665039e+00 9.1177020735595971e-02 3.6015804590278332e-03 1.3657428328289499e-02
29080 7.7095211197223659e+02 2.9876447841251860e+01 -1.2571799237229151e+00 3.5850623338853516e-03 2.4288948692629706e+01 -1.2918533453145269e+00 0.0000000000000000e+00 5.5874991486221521e+00 3.4673421591611797e-02 3.5850623338853516e-03 1.3663669631227978e-02
29090 7.7108884464855146e+02 2.9915905331624426e+01 -1.8191887074747872e+00 3.5614444018889548e-03 2.4340697186674014e+01 -1.7968267305134997e+00 0.0000000000000000e+00 5.5752081449504116e+00 -2.2361976961287500e-02 3.5614444018889548e-03 1.3683871867191395e-02
29100 7.7122588620322915e+02 2.9996105247030204e+01 -2.3150320397047652e+00 3.5322952576477269e-03 2.4429876329026982e+01 -2.2361241616814773e+00 0.0000000000000000e+00 5.5662289180032225e+00 -7.8907878023287692e-02 3.5322952576477269e-03 1.3723857965591141e-02
29110 7.7136339855436609e+02 3.0039743207606094e+01 -2.7456686232034495e+00 3.4984006668073971e-03 2.4480667478088314e+01 -2.6129298445051070e+00 0.0000000000000000e+00 5.5590757295177795e+00 -1.3273877869834250e-01 3.4984006668073971e-03 1.3765419917921448e-02
29120 7.7150064182169797e+02 3.0076103066221958e+01 -3.1185720727955930e+00 3.4589817401524947e-03 2.4522900510236440e+01 -2.9353190793559474e+00 0.0000000000000000e+00 5.5532025559855169e+00 -1.8325299343964541e-01 3.4589817401524947e-03 1.3690462581578836e-02
29130 7.7163721778913612e+02 3.0081400165938746e+01 -3.3905745086786441e+00 3.4175701001610990e-03 2.4533432995317678e+01 -3.1620987441378965e+00 0.0000000000000000e+00 5.5479671706210665e+00 -2.2847576454074736e-01 3.4175701001610990e-03 1.3634439944313126e-02
29140 7.7177336473474361e+02 3.0065519308163012e+01 -3.5917091450104213e+00 3.3753000834703677e-03 2.4522354440755070e+01 -3.3237012108530619e+00 0.0000000000000000e+00 5.5431648674079401e+00 -2.6800793415735957e-01 3.3753000834703677e-03 1.3602034699364477e-02
29150 7.7190931276029664e+02 3.0053848675862454e+01 -3.7189245011807608e+00 3.3336359419957606e-03 2.4515407088760739e+01 -3.4182125458994275e+00 0.0000000000000000e+00 5.5384415871017172e+00 -3.0071195528133332e-01 3.3336359419957606e-03 1.3592241447664116e-02
29160 7.7204519258754237e+02 3.0045377105847962e+01 -3.7456263682903579e+00 3.2948768916539915e-03 2.4511734207833474e+01 -3.4198877018342930e+00 0.0000000000000000e+00 5.5336428980144881e+00 -3.2573866645606464e-01 3.2948768916539915e-03 1.3581887149348083e-02
29170 7.7218099128686811e+02 3.0003020503525018e+01 -3.6644864283008225e+00 3.2620959926899676e-03 2.4474247796269353e+01 -3.3218442342646473e+00 0.0000000000000000e+00 5.5287727072556665e+00 -3.4264219403617524e-01 3.2620959926899676e-03 1.3579947596217588e-02
29180 7.7231682440989221e+02 2.9989826565134035e+01 -3.4994155321650240e+00 3.2329178943269407e-03 2.4466233359641354e+01 -3.1483133573049962e+00 0.0000000000000000e+00 5.5235932054926797e+00 -3.5110217486002804e-01 3.2329178943269407e-03 1.3587476931059356e-02
29190 7.7245279578655743e+02 2.9933672638806719e+01 -3.2603730426860151e+00 3.2090826811239630e-03 2.4415718498087330e+01 -2.9088607760118155e+00 0.0000000000000000e+00 5.5179541407193886e+00 -3.5151226667419944e-01 3.2090826811239630e-03 1.3607550027157489e-02
29200 7.7258906273886601e+02 2.9926122442229818e+01 -2.9180678682051764e+00 3.1919768419824608e-03 2.4413453507711623e+01 -2.5748133838658891e+00 0.0000000000000000e+00 5.5126689345181941e+00 -3.4325448433928729e-01 3.1919768419824608e-03 1.3643725515534036e-02
29210 7.7272566693953991e+02 2.9876906184600998e+01 -2.5110733152059717e+00 3.1830524875463666e-03 2.4369858646924946e+01 -2.1845493622744794e+00 0.0000000000000000e+00 5.5070475376760495e+00 -3.2652395293149228e-01 3.1830524875463666e-03 1.3673167113590089e-02
29220 7.7286256556527030e+02 2.9832477323971183e+01 -2.0578615906695492e+00 3.1826042844479308e-03 2.4330893712673987e+01 -1.7562157864639278e+00 0.0000000000000000e+00 5.5015836112971943e+00 -3.0164580420562137e-01 3.1826042844479308e-03 1.3704510155058813e-02
29230 7.7299982855643964e+02 2.9789561311828749e+01 -1.5320160933497329e+00 3.1872482591645463e-03 2.4293456597178412e+01 -1.2631974331129703e+00 0.0000000000000000e+00 5.4961047146503370e+00 -2.6881866023676260e-01 3.1872482591645463e-03 1.3745905722581246e-02
29240 7.7313751291440815e+02 2.9745587513997606e+01 -9.7146412813210192e-01 3.1975535073996849e-03 2.4254431223813000e+01 -7.4239303510598020e-01 0.0000000000000000e+00 5.4911562901846045e+00 -2.2907109302612172e-01 3.1975535073996849e-03 1.3783845106067427e-02
29250 7.7327549081808559e+02 2.9716694943231317e+01 -3.7818886150449926e-01 3.2108658261102486e-03 2.4230329763374630e+01 -1.9513478349758984e-01 0.0000000000000000e+00 5.4863651798566870e+00 -1.8305407800690943e-01 3.2108658261102486e-03 1.3807835947824395e-02
29260 7.7341368903941543e+02 2.9699180882534257e+01 2.4159492028301699e-01 3.2258280443897636e-03 2.4216855188585743e+01 3.7292655061157021e-01 0.0000000000000000e+00 5.4823256939485141e+00 -1.3133163032855322e-01 3.2258280443897636e-03 1.3830448552935226e-02
29270 7.7355211990636508e+02 2.9696281673535893e+01 8.8076896030358320e-01 3.2381280226698138e-03 2.4217202037279556e+01 9.5607345226679818e-01 0.0000000000000000e+00 5.4790796362563370e+00 -7.5304491963214981e-02 3.2381280226698138e-03 1.3848703745304084e-02
29280 7.7369045993730072e+02 2.9668847781969937e+01 1.4538505346092796e+00 3.2477171912966007e-03 2.4192088824098661e+01 1.4705079859680525e+00 0.0000000000000000e+00 5.4767589578712776e+00 -1.6657451358772946e-02 3.2477171912966007e-03 1.3821520474425751e-02
29290 7.7382855550432453e+02 2.9688425464738341e+01 2.0281069518122030e+00 3.2548778189103816e-03 2.4212725467912623e+01 1.9851348116165610e+00 0.0000000000000000e+00 5.4756999968257167e+00 4.2972140195641995e-02 3.2548778189103816e-03 1.3801979364754953e-02
29300 7.7396653209207636e+02 2.9711798706036841e+01 2.5595536764875191e+00 3.2566238205106808e-03 2.4236053129750321e+01 2.4572286505264564e+00 0.0000000000000000e+00 5.4757455762865197e+00 1.0232502596106274e-01 3.2566238205106808e-03 1.3795222388473808e-02
29310 7.7410448900010715e+02 2.9737230106261077e+01 3.0104000404605928e+00 3.2536518079170642e-03 2.4260057331899930e+01 2.8511218645907821e+00 0.0000000000000000e+00 5.4771727743611462e+00 1.5927817586981063e-01 3.2536518079170642e-03 1.3796785512328514e-02
29320 7.7424248411692054e+02 2.9819601224513491e+01 3.4268835457712932e+00 3.2484779047139106e-03 2.4339753083162780e+01 3.2138391002571582e+00 0.0000000000000000e+00 5.4798481413507094e+00 2.1304444551413515e-01 3.2484779047139106e-03 1.3794363982689803e-02
29330 7.7438003932180118e+02 2.9840783447879712e+01 3.7270027613817605e+00 3.2413545588362005e-03 2.4357737342848566e+01 3.4656656626388322e+00 0.0000000000000000e+00 5.4830461050311463e+00 2.6133709874292810e-01 3.2413545588362005e-03 1.3726967398177121e-02
29340 7.7451704424057834e+02 2.9910980359881044e+01 3.9066250316308841e+00 3.2351621875892022e-03 2.4423831742893576e+01 3.6036795376368289e+00 0.0000000000000000e+00 5.4871486169874686e+00 3.0294549399405513e-01 3.2351621875892022e-03 1.3680909737563371e-02
29350 7.7465372573592060e+02 2.9945494556272315e+01 4.0029927715734965e+00 3.2331986502696125e-03 2.4454105085441224e+01 3.6662441286888416e+00 0.0000000000000000e+00 5.4913894708310895e+00 3.3674864288465489e-01 3.2331986502696125e-03 1.3661252383991560e-02
29360 7.7479016467500242e+02 2.9993025545215271e+01 4.0031383614471823e+00 3.2347180170336698e-03 2.4497327242780258e+01 3.6409295672072890e+00 0.0000000000000000e+00 5.4956983024350139e+00 3.6220879423989338e-01 3.2347180170336698e-03 1.3631468781248221e-02
29370 7.7492642663065214e+02 3.0032995645004355e+01 3.8809138100980767e+00 3.2409568737463449e-03 2.4532847270001177e+01 3.5029923603438187e+00 0.0000000000000000e+00 5.5001483750031781e+00 3.7792144975425812e-01 3.2409568737463449e-03 1.3624740585221519e-02
29380 7.7506269193907622e+02 3.0071221649673511e+01 3.6812812633415923e+00 3.2528880267163099e-03 2.4566795708807462e+01 3.2970203451854161e+00 0.0000000000000000e+00 5.5044259408660476e+00 3.8426091815617636e-01 3.2528880267163099e-03 1.3629378413713634e-02
29390 7.7519907173492334e+02 3.0094374085630875e+01 3.3557392011517369e+00 3.2715019365238780e-03 2.4586086775871493e+01 2.9754231567266611e+00 0.0000000000000000e+00 5.5082873097593819e+00 3.8031604442507594e-01 3.2715019365238780e-03 1.3646611515850195e-02
29400 7.7533560963260470e+02 3.0097548317379935e+01 2.9504609982568217e+00 3.2962326801073555e-03 2.4586300296814137e+01 2.5841387200345753e+00 0.0000000000000000e+00 5.5112480205657981e+00 3.6632227822224617e-01 3.2962326801073555e-03 1.3658478517779538e-02
29410 7.7547224956121829e+02 3.0097384186248028e+01 2.4767126324384652e+00 3.3257680285032967e-03 2.4583434996780756e+01 2.1338263349830804e+00 0.0000000000000000e+00 5.5139491894672723e+00 3.4288629745538479e-01 3.3257680285032967e-03 1.3668972085900875e-02
29420 7.7560902076906234e+02 3.0100520840690432e+01 1.8795326487346822e+00 3.3583181012365958e-03 2.4584484922066522e+01 1.5693735207913058e+00 0.0000000000000000e+00 5.5160359186239099e+00 3.1015912794337641e-01 3.3583181012365958e-03 1.3684656153932611e-02
29430 7.7574592041025176e+02 3.0114719325365481e+01 1.2730972181190101e+00 3.3921142629732624e-03 2.4596777332139002e+01 1.0043911010638169e+00 0.0000000000000000e+00 5.5179419932264802e+00 2.6870611705519321e-01 3.3921142629732624e-03 1.3689646424247526e-02
29440 7.7588276036555681e+02 3.0118165393306843e+01 5.9994563290188485e-01 3.4250178752299951e-03 2.4598465522763902e+01 3.8070833837911877e-01 0.0000000000000000e+00 5.5196998705429392e+00 2.1923729452276608e-01 3.4250178752299951e-03 1.3682021240150029e-02
29450 7.7601959245686464e+02 3.0123088688699980e+01 -7.6808165724583599e-02 3.4542356423299093e-03 2.4601640555237076e+01 -2.4035521592384868e-01 0.0000000000000000e+00 5.5214481334629042e+00 1.6354705019926508e-01 3.4542356423299093e-03 1.3685174148807037e-02
29460 7.7615650546192990e+02 3.0132893995495792e+01 -7.7783944740917876e-01 3.4768592364292500e-03 2.4609308309516898e+01 -8.8062924355161876e-01 0.0000000000000000e+00 5.5235856859788930e+00 1.0278979614243999e-01 3.4768592364292500e-03 1.3698478482935032e-02
29470 7.7629364072530916e+02 3.0167476967704772e+01 -1.4391928950616530e+00 3.4924332562551339e-03 2.4640828962201763e+01 -1.4775645956666903e+00 0.0000000000000000e+00 5.5266480055030103e+00 3.8371700605037251e-02 3.4924332562551339e-03 1.3728675171317487e-02
29480 7.7643118484033766e+02 3.0182246144114963e+01 -2.0792013196309105e+00 3.5012377441109750e-03 2.4651802401415132e+01 -2.0514322820325770e+00 0.0000000000000000e+00 5.5304437426998314e+00 -2.7769037598333712e-02 3.5012377441109750e-03 1.3778019610911485e-02
29490 7.7656916198431406e+02 3.0231502399376495e+01 -2.6904134451324362e+00 3.5000398635930993e-03 2.4696102369544086e+01 -2.5965747750802404e+00 0.0000000000000000e+00 5.5354000298324113e+00 -9.3838670052195594e-02 3.5000398635930993e-03 1.3809601066061298e-02
29500 7.7670732294505387e+02 3.0277916101982498e+01 -3.2077611746225561e+00 3.4889924950708522e-03 2.4737162158273001e+01 -3.0498873813003158e+00 0.0000000000000000e+00 5.5407539437094968e+00 -1.5787379332224027e-01 3.4889924950708522e-03 1.3801387910191053e-02
29510 7.7684474738471420e+02 3.0340128751227940e+01 -3.6499447314399625e+00 3.4701584137358291e-03 2.4793613135233862e+01 -3.4323160834791047e+00 0.0000000000000000e+00 5.5465156159940783e+00 -2.1762864796085779e-01 3.4701584137358291e-03 1.3698286774116131e-02
29520 7.7698129123840317e+02 3.0403280179631889e+01 -4.0023188600882333e+00 3.4449604919525633e-03 2.4850372703975385e+01 -3.7305946900385702e+00 0.0000000000000000e+00 5.5529074756565038e+00 -2.7172417004966287e-01 3.4449604919525633e-03 1.3621970940209028e-02
29530 7.7711721363736910e+02 3.0456266109979570e+01 -4.2045318453939107e+00 3.4143019242210328e-03 2.4896664913538871e+01 -3.8862151615190106e+00 0.0000000000000000e+00 5.5596011964406999e+00 -3.1831668387489986e-01 3.4143019242210328e-03 1.3571760369135316e-02
29540 7.7725278260092011e+02 3.0512604550324991e+01 -4.3236997294402597e+00 3.3815528263204555e-03 2.4946476265638815e+01 -3.9675455874344463e+00 0.0000000000000000e+00 5.5661282846861750e+00 -3.5615414200581319e-01 3.3815528263204555e-03 1.3545914111971086e-02
29550 7.7738806982319079e+02 3.0560093491190841e+01 -4.3392470232458109e+00 3.3482347890854453e-03 2.4987711974108862e+01 -3.9545574954953810e+00 0.0000000000000000e+00 5.5723815170819808e+00 -3.8468952775042964e-01 3.3482347890854453e-03 1.3517579907307105e-02
29560 7.7752319206545451e+02 3.0606245633825139e+01 -4.1969189661719293e+00 3.3138985656135963e-03 2.5027768942672388e+01 -3.7945240620265031e+00 0.0000000000000000e+00 5.5784766911527495e+00 -4.0239490414542656e-01 3.3138985656135963e-03 1.3511846260236632e-02
29570 7.7765834516545340e+02 3.0639279319769237e+01 -3.9830519927770056e+00 3.2811001906830881e-03 2.5055315906166495e+01 -3.5734557046215611e+00 0.0000000000000000e+00 5.5839634136027438e+00 -4.0959628815544447e-01 3.2811001906830881e-03 1.3520013811935393e-02
29580 7.7779364194590664e+02 3.0663579310848828e+01 -3.6268126621640877e+00 3.2527018896733638e-03 2.5075310388468758e+01 -3.2211823276738194e+00 0.0000000000000000e+00 5.5882689223800694e+00 -4.0563033449026831e-01 3.2527018896733638e-03 1.3537108198608844e-02
