1.0584633390295038e-01 5.5716701979270816e+01
1.1505049910382885e-01 5.1919256804767969e+01
1.2612747632644708e-01 4.8380631505474540e+01
1.3805006751141277e-01 4.5083185872058927e+01
1.5220204247725161e-01 4.2010481986879924e+01
1.6695303324441052e-01 3.8950312725974136e+01
1.8278331917189278e-01 3.6479073171466524e+01
2.0039051629323509e-01 3.4164623755685824e+01
2.1929393938048433e-01 3.1997016779487673e+01
2.4123345676118663e-01 2.9816217976770329e+01
2.6580169883027444e-01 2.7784054387476470e+01
2.9073215252078227e-01 2.6152803346161015e+01
3.1863532810263973e-01 2.4370324603906116e+01
3.4794646395509221e-01 2.2939499684227147e+01
3.8330078039281373e-01 2.1592681029710775e+01
4.2202190590786282e-01 2.0121003427340099e+01
4.6182081281439413e-01 1.8939663679892913e+01
5.0572382045434749e-01 1.7648805967699637e+01
5.5254685418854954e-01 1.6780987668271653e+01
6.0957979101651638e-01 1.5637257361550001e+01
6.7014834519143951e-01 1.4719166286769932e+01
7.3373075475428495e-01 1.3854977965017607e+01
8.0483959628873147e-01 1.3041527670195808e+01
8.8105084697441927e-01 1.2275836482881541e+01
9.6924209237999637e-01 1.1555100381287062e+01
1.0668974327874570e+00 1.0876679972710004e+01
1.1656888618538035e+00 1.0341857280760495e+01
1.2748772312114780e+00 9.7346685233853112e+00
1.3972639375990012e+00 9.1631288933451884e+00
1.5411923404570211e+00 8.7125640818664003e+00
1.6937628874172550e+00 8.2010340138329045e+00
1.8522456043111468e+00 7.7195367820624998e+00
2.0287815346184543e+00 7.3399555630926816e+00
2.2270061096582161e+00 6.9090137722178042e+00
2.4469938198995069e+00 6.5692871871160179e+00
2.6924702881719038e+00 6.1835927015223877e+00
2.9510702476074289e+00 5.8795361601103755e+00
3.2314095114459960e+00 5.5343381789275057e+00
3.5349811050301057e+00 5.2622064576265739e+00
3.8944357855332372e+00 5.0034558618268221e+00
4.2834052001442053e+00 4.7096941065784677e+00
4.6874055265556942e+00 4.4781113729999396e+00
5.1303551443722890e+00 4.2579159102882782e+00
5.6133929123818129e+00 4.0485477892303194e+00
6.1873858363379552e+00 3.8494746131733706e+00
6.8079986371534096e+00 3.6972874078870652e+00
7.4370553381755276e+00 3.5154862324035041e+00
8.1386470416222032e+00 3.3426244937991823e+00
8.9240618942133594e+00 3.2104753744642980e+00
9.8192983223528714e+00 3.0219826791695068e+00
1.0817540112675985e+01 2.8733872515616894e+00
1.1848454709687289e+01 2.7320984843322242e+00
1.2963072771858963e+01 2.5846917649322823e+00
1.4166632575142938e+01 2.4700214794552608e+00
1.5617941812640867e+01 2.3485668131297031e+00
1.7151648981506487e+01 2.2330842551825341e+00
1.8820535553651816e+01 2.1232801480741768e+00
2.0606343034444141e+01 2.0393372456662742e+00
2.2605173667878358e+01 1.9587129872305571e+00
2.4823466729060208e+01 1.8812761717065609e+00
2.7282453065260693e+01 1.8069007850073033e+00
2.9941262884785495e+01 1.7354657949546721e+00
3.2781161911461695e+01 1.6668549543219551e+00
3.5856908305717177e+01 1.6171828389567153e+00
3.9465958117847983e+01 1.5532482604935760e+00
4.3376973872657388e+01 1.5069616135444541e+00
4.7482059853284483e+01 1.4620543041682661e+00
5.2028149755652954e+01 1.4184852282396210e+00
5.6941070238615836e+01 1.3901628979033438e+00
6.2701251103463662e+01 1.3624060682714156e+00
6.8963382250562361e+01 1.3352034482162041e+00
7.5492519988541417e+01 1.3085439720555347e+00
8.2806814537792008e+01 1.2824167950513061e+00
9.0495809405929180e+01 1.2568112889979879e+00
9.9511612170404021e+01 1.2317170378992008e+00
1.0953376668601970e+02 1.2071238337306283e+00
1.1989549418433448e+02 1.1950119900813203e+00
1.3157053876414537e+02 1.1830216722875091e+00
1.4397975816466868e+02 1.1711516610027446e+00
1.5870631224959646e+02 1.1594007491150600e+00
1.7430009047372306e+02 1.1477677416242091e+00
1.9091745443300888e+02 1.1362514555201479e+00
2.0885597822424927e+02 1.1248507196627282e+00
2.2862284309983721e+02 1.1135643746625952e+00
2.5189405964238603e+02 1.0968468324546730e+00
2.7700635656788376e+02 1.0913302777245224e+00
3.0310482923269791e+02 1.0803802647066321e+00
3.3186136155267639e+02 1.0695401201561887e+00
3.6378463219448963e+02 1.0588087416927547e+00
3.9987893361516677e+02 1.0481850379967801e+00
4.4006927697071825e+02 1.0481850379967801e+00
4.8241678734312381e+02 1.0481850379967801e+00
5.2668719657949248e+02 1.0429132261463561e+00
5.7770015703573540e+02 1.0376679286986175e+00
6.3569988270914507e+02 1.0376679286986175e+00
6.9939720569458825e+02 1.0272563442686606e+00
7.6499896119943094e+02 1.0169492259085751e+00
8.3840805111983832e+02 1.0067455254436239e+00
9.1738876975763344e+02 9.8664423797969480e-01
1.0101223370255672e+03 9.7674460679523656e-01
1.1117595041807594e+03 9.4763771260188756e-01
1.2158710329315616e+03 9.2871660732627481e-01
1.3313547292072067e+03 9.1017329223364984e-01
1.4573965358536918e+03 8.9200022413769942e-01
1.6038222840935839e+03 8.8305021673330997e-01
1.7669279628193397e+03 8.7419001046391021e-01
1.9361221350612950e+03 8.7419001046391021e-01
2.1168309043439767e+03 8.7419001046391021e-01
2.3162717075995042e+03 8.7419001046391021e-01
2.5502797355233929e+03 8.7419001046391021e-01
2.8070048130153705e+03 8.7419001046391021e-01
3.0739598853731609e+03 8.7419001046391021e-01
3.3612869518448738e+03 8.8305021673330997e-01
3.6770463990968901e+03 8.8305021673330997e-01
4.0527347851039667e+03 8.8751393862347683e-01
4.4675647327396691e+03 8.9200022413769942e-01
4.8743771146767849e+03 9.0104094284142455e-01
5.3412383542748275e+03 9.1017329223364984e-01
5.8456014622912317e+03 9.1939820102185388e-01
6.4310277987960280e+03 9.2871660732627481e-01
7.0930197898310389e+03 9.4763771260188756e-01
7.7576758468678800e+03 9.5724233574080908e-01
8.5027404127824357e+03 9.7674460679523656e-01
9.3113780295079687e+03 9.8664423797969480e-01
1.0225484769351349e+04 1.0067455254436239e+00
1.1261364959232953e+04 1.0169492259085751e+00
1.2337171459438545e+04 1.0376679286986175e+00
1.3521423538129613e+04 1.0376679286986175e+00
1.4780707252826760e+04 1.0588087416927547e+00
1.6274589155599768e+04 1.0695401201561887e+00
1.7923757259456910e+04 1.0695401201561887e+00
1.9615559156861516e+04 1.0695401201561887e+00
2.1472140572794655e+04 1.0695401201561887e+00
2.3504444461201052e+04 1.0695401201561887e+00
2.5913308909458290e+04 1.0695401201561887e+00
2.8455857576700859e+04 1.0588087416927547e+00
3.1206711062138966e+04 1.0588087416927547e+00
3.4083375248121622e+04 1.0588087416927547e+00
3.7348141836621173e+04 1.0588087416927547e+00
4.1133487865453026e+04 1.0588087416927547e+00
4.5252294524396610e+04 1.0588087416927547e+00
4.9556586119698972e+04 1.0588087416927547e+00
5.4235172759148772e+04 1.0481850379967801e+00
5.9432930818844136e+04 1.0481850379967801e+00
6.5322931358488589e+04 1.0481850379967801e+00
7.1859555967273278e+04 1.0481850379967801e+00
7.8741843239742491e+04 1.0481850379967801e+00
8.6108589132280307e+04 1.0481850379967801e+00
9.4449478126409784e+04 1.0481850379967801e+00
1.0394244758438384e+05 1.0376679286986175e+00
1.1441151911177540e+05 1.0376679286986175e+00
1.2514353538200205e+05 1.0376679286986175e+00
1.3707381762727851e+05 1.0376679286986175e+00
1.5015771631476050e+05 1.0376679286986175e+00
1.6514819301298805e+05 1.0376679286986175e+00
1.8179704966890306e+05 1.0481850379967801e+00
1.9900328390439140e+05 1.0695401201561887e+00
2.1798986578556598e+05 1.0695401201561887e+00
2.3812382532129128e+05 1.0376679286986175e+00
2.6234366244284157e+05 9.8664423797969480e-01
2.8926372035111056e+05 9.1017329223364984e-01
3.1638262408399303e+05 8.1460843942853445e-01
3.4673120144433522e+05 7.0735110530957879e-01
3.7946368186937197e+05 5.8993331113941949e-01
4.1838815476423170e+05 4.4481065570434475e-01
4.5581114042815909e+05 3.1889641357478066e-01
5.0034593498255999e+05 2.7412977169118086e-01
5.5031753427018528e+05 2.7412977169118086e-01
6.0188038517829869e+05 2.8397798386164563e-01
6.6214683108424279e+05 2.9417999665127026e-01
7.2977186107402889e+05 3.0017344033765286e-01
7.9896903275203297e+05 3.0939333149581766e-01
8.7634617412913183e+05 3.1889641357478066e-01
9.5600213542367378e+05 3.3202278126105861e-01
1.0513212150209285e+06 3.4222093170972812e-01
1.1595446846657260e+06 3.5273232052167708e-01
1.2697925944520344e+06 3.6356656887995464e-01
1.3909956857942271e+06 3.7473359348429675e-01
1.5232894857683394e+06 3.9015832302996706e-01
1.6763752531994346e+06 4.0621796304455171e-01
1.8390124796609501e+06 4.2722527136603700e-01
2.0213033353155667e+06 4.5387295649438530e-01
2.2042905597786643e+06 4.8218276034625690e-01
2.4192436307777944e+06 5.0711854072874030e-01
2.6598636528701554e+06 5.2799248017357303e-01
2.9300176420302950e+06 5.5529728161391578e-01
3.2031390079882094e+06 5.7235335589932235e-01
3.5038025059107640e+06 5.9291535925488581e-01
3.8412483727271697e+06 6.1421606009101204e-01
4.2258487375099454e+06 6.3308183720728806e-01
4.6461359578642864e+06 6.5252708068617948e-01
5.0827943215936627e+06 6.7256958896044239e-01
5.5726513851351310e+06 6.7938630525482469e-01
6.1084711210053712e+06 6.7938630525482469e-01
6.7133052557172608e+06 6.8627211123420062e-01
7.4037828693440845e+06 6.9322770714548776e-01
8.0953197575668301e+06 6.9322770714548776e-01
8.8598870820480455e+06 6.9322770714548776e-01
9.7846787272260785e+06 6.9322770714548776e-01
