0 0.0000000000000000e+00 2.5973957363572826e+01 1.9775847626135601e-16 0.0000000000000000e+00 0.0000000000000000e+00 0.0000000000000000e+00 0.0000000000000000e+00 2.5973957363572826e+01 1.9775847626135601e-16 0.0000000000000000e+00 3.5511363636363635e-03
10 1.1373953896450290e-01 3.0653993292750229e+01 2.5714561749015030e-01 -3.3517352390007554e-08 1.4232994967914721e+01 2.5710770354345414e-01 0.0000000000000000e+00 1.6420998324835509e+01 3.7913946696166434e-05 -3.3517352390007554e-08 1.5647763166829871e-02
20 2.9757286594146254e-01 2.8990125464490120e+01 -8.5433631788701891e-02 -3.5670888193072005e-07 1.6287220195094505e+01 -8.4835153227963644e-02 0.0000000000000000e+00 1.2702905269395615e+01 -5.9847856073824701e-04 -3.5670888193072005e-07 2.0010182987882097e-02
30 5.0922828872317116e-01 2.8825881187064319e+01 -6.1945465287867485e-02 -9.1099021322971066e-08 1.8872684661444715e+01 -6.1143180077237957e-02 0.0000000000000000e+00 9.9531965256196031e+00 -8.0228521062952751e-04 -9.1099021322971066e-08 2.1926109478856017e-02
40 7.3518681103976247e-01 3.0621499829107595e+01 1.5544711214973805e-02 3.1340494468590492e-08 2.2574173126633106e+01 1.6645303808013878e-02 0.0000000000000000e+00 8.0473267024744892e+00 -1.1005925930400728e-03 3.1340494468590492e-08 2.3064787256349341e-02
50 9.6989335444030711e-01 3.2832842786068220e+01 -3.1384119961919588e-02 -1.2658289867810323e-07 2.5904208437523138e+01 -3.0009798208263661e-02 0.0000000000000000e+00 6.9286343485450805e+00 -1.3743217536559271e-03 -1.2658289867810323e-07 2.3760420182072615e-02
60 1.2106988288414042e+00 3.4696444922560630e+01 -2.8369672541162405e-02 -3.2006901838690895e-07 2.8293713109772536e+01 -2.7088662508495176e-02 0.0000000000000000e+00 6.4027318127880921e+00 -1.2810100326672291e-03 -3.2006901838690895e-07 2.4342305665881032e-02
70 1.4573111654119693e+00 3.5350156449887322e+01 -1.6858533548891552e-02 -7.6282931376702143e-07 2.9165788323589872e+01 -1.5408560867891552e-02 0.0000000000000000e+00 6.1843681262974508e+00 -1.4499726810000002e-03 -7.6282931376702143e-07 2.4922141376550463e-02
80 1.7097053567324620e+00 3.5039137491315572e+01 -3.1172979409484158e-02 -1.0475437805752918e-06 2.8966233206215769e+01 -2.9352385438375705e-02 0.0000000000000000e+00 6.0729042850998045e+00 -1.8205939711084529e-03 -1.0475437805752918e-06 2.5497800775327786e-02
90 1.9674209459240037e+00 3.3908836493327087e+01 -2.6914740392874670e-02 -1.5924212997753626e-06 2.7948538472173190e+01 -2.4836733916233200e-02 0.0000000000000000e+00 5.9602980211538998e+00 -2.0780064766414696e-03 -1.5924212997753626e-06 2.5978151750019465e-02
100 2.2294899138935000e+00 3.2964920800212198e+01 -2.7975413413917183e-02 -2.2011629848406359e-06 2.7138189494667689e+01 -2.5814329594888719e-02 0.0000000000000000e+00 5.8267313055445076e+00 -2.1610838190284642e-03 -2.2011629848406359e-06 2.6388522986013366e-02
110 2.4954893227320527e+00 3.1829759236830228e+01 -3.8282190675078320e-02 -2.4766814415556869e-06 2.6150662642720192e+01 -3.5779263873839895e-02 0.0000000000000000e+00 5.6790965941100335e+00 -2.5029268012384254e-03 -2.4766814415556869e-06 2.6769244107772164e-02
120 2.7648911527365150e+00 3.1159542714426273e+01 -9.5168494628191658e-02 -2.5581929230629021e-06 2.5618463788082977e+01 -9.2194315607356359e-02 0.0000000000000000e+00 5.5410789263432960e+00 -2.9741790208352992e-03 -2.5581929230629021e-06 2.7047668566213257e-02
130 3.0361998419537306e+00 3.0500754386771643e+01 -2.3573910790459784e-02 -1.9349746996952111e-06 2.5090132632577038e+01 -2.0473664318242157e-02 0.0000000000000000e+00 5.4106217541946044e+00 -3.1002464722176271e-03 -1.9349746996952111e-06 2.7188145017709400e-02
140 3.3084561667789072e+00 2.9862799485442572e+01 -3.8917453184411199e-02 -2.0118217812956688e-06 2.4562104098170320e+01 -3.5585450676860475e-02 0.0000000000000000e+00 5.3006953872722544e+00 -3.3320025075507242e-03 -2.0118217812956688e-06 2.7230433616843415e-02
150 3.5804191737384548e+00 2.9317133123755447e+01 -3.1411080747816067e-02 -1.8302883132842066e-06 2.4116947693248854e+01 -2.8075395178172258e-02 0.0000000000000000e+00 5.2001854305065942e+00 -3.3356855696438092e-03 -1.8302883132842066e-06 2.7181830235608891e-02
160 3.8522719700429109e+00 2.8789699951364248e+01 -2.6468417206159556e-02 -1.5921288675445022e-06 2.3679754748308515e+01 -2.3283627386303962e-02 0.0000000000000000e+00 5.1099452030557355e+00 -3.1847898198555935e-03 -1.5921288675445022e-06 2.7192482385523121e-02
170 4.1244757472149418e+00 2.8431998848271583e+01 -1.5399571335584561e-02 -1.3882547918556561e-06 2.3407745184208242e+01 -1.2533577818548025e-02 0.0000000000000000e+00 5.0242536640633402e+00 -2.8659935170365358e-03 -1.3882547918556561e-06 2.7246381877886250e-02
180 4.3971082666865815e+00 2.7974057962861039e+01 -1.8803370721530710e-02 -1.4516513871151706e-06 2.3022499956237482e+01 -1.6389743848636229e-02 0.0000000000000000e+00 4.9515580066235572e+00 -2.4136268728944810e-03 -1.4516513871151706e-06 2.7270586402337836e-02
190 4.6698648841451469e+00 2.7575937620720552e+01 -1.0643781349270132e-02 -1.6079364958888902e-06 2.2688674262004614e+01 -8.8580522734709177e-03 0.0000000000000000e+00 4.8872633587159395e+00 -1.7857290757992139e-03 -1.6079364958888902e-06 2.7281479933018257e-02
200 4.9428108233349395e+00 2.7160394961986619e+01 1.0622143392108541e-02 -1.1855903980900600e-06 2.2334438273353413e+01 1.1518996687932770e-02 0.0000000000000000e+00 4.8259566886332035e+00 -8.9685329582422924e-04 -1.1855903980900600e-06 2.7310997075232935e-02
210 5.2162025784387520e+00 2.6960096248117839e+01 3.9301453569747569e-02 -1.0867481458884225e-06 2.2188395903508315e+01 3.9207553023397068e-02 0.0000000000000000e+00 4.7717003446095232e+00 9.3900546350500491e-05 -1.0867481458884225e-06 2.7355790586749598e-02
220 5.4897337905492778e+00 2.6825377158066797e+01 2.4388391637821583e-02 -1.0118170834246143e-06 2.2102756379749898e+01 2.3340259514368356e-02 0.0000000000000000e+00 4.7226207783168981e+00 1.0481321234532270e-03 -1.0118170834246143e-06 2.7349467327549420e-02
230 5.7632867849302096e+00 2.6472165790004915e+01 4.0922997622526047e-02 -9.0616025956921635e-07 2.1795408671617995e+01 3.8889794572707359e-02 0.0000000000000000e+00 4.6767571183869210e+00 2.0332030498186882e-03 -9.0616025956921635e-07 2.7363558776482760e-02
240 6.0371160030713407e+00 2.6166686311198035e+01 5.9498562168587732e-02 -6.3888655787869692e-07 2.1532333364389771e+01 5.6417689342952215e-02 0.0000000000000000e+00 4.6343529468082654e+00 3.0808728256355167e-03 -6.3888655787869692e-07 2.7403791629361861e-02
250 6.3114994148858301e+00 2.6005416010910992e+01 6.5975965462155894e-02 -4.4499734657789065e-07 2.1409999659042427e+01 6.1905509064299480e-02 0.0000000000000000e+00 4.5954163518685638e+00 4.0704563978564146e-03 -4.4499734657789065e-07 2.7464794839762628e-02
260 6.5862709154845307e+00 2.5758469805550320e+01 6.4515775964923083e-02 -1.7782192590894050e-07 2.1199864230898079e+01 5.9527205649198223e-02 0.0000000000000000e+00 4.5586055746522387e+00 4.9885703157248606e-03 -1.7782192590894050e-07 2.7481776235225585e-02
270 6.8611487794621340e+00 2.5558131512543504e+01 8.9059381970898244e-02 -4.8678615959097195e-08 2.1033586899283499e+01 8.3183722290002038e-02 0.0000000000000000e+00 4.5245446132600069e+00 5.8756596808962058e-03 -4.8678615959097195e-08 2.7495129731250397e-02
280 7.1362178814041011e+00 2.5377816672012532e+01 7.9002468862206410e-02 6.1137569908787525e-08 2.0885519021746568e+01 7.2478044540060793e-02 0.0000000000000000e+00 4.4922976502659653e+00 6.5244243221456166e-03 6.1137569908787525e-08 2.7518226119604996e-02
290 7.4115958569214158e+00 2.5196005584510790e+01 1.1446600052888289e-01 3.1473603077264754e-07 2.0734353822922309e+01 1.0741944917023893e-01 0.0000000000000000e+00 4.4616517615884810e+00 7.0465513586439599e-03 3.1473603077264754e-07 2.7556970556529427e-02
300 7.6874547108965334e+00 2.5027015719763874e+01 7.7704736885794379e-02 2.7080692569807843e-07 2.0594185536734841e+01 7.0516986227019629e-02 0.0000000000000000e+00 4.4328301830290346e+00 7.1877506587747497e-03 2.7080692569807843e-07 2.7610103071737904e-02
310 7.9637336485324992e+00 2.4858909776964982e+01 5.6460750635357604e-02 9.4096399424832170e-08 2.0453404041947454e+01 4.9454481765177860e-02 0.0000000000000000e+00 4.4055057350175266e+00 7.0062688701797438e-03 9.4096399424832170e-08 2.7639284649381118e-02
320 8.2402292483442707e+00 2.4715299994591533e+01 5.0410045480215437e-02 -3.8516079871315687e-07 2.0335351261458410e+01 4.3933627433316857e-02 0.0000000000000000e+00 4.3799487331331246e+00 6.4764180468985799e-03 -3.8516079871315687e-07 2.7657336612439118e-02
330 8.5169037582820675e+00 2.4543252572150195e+01 6.1546817394517728e-02 -2.1495783374568745e-07 2.0187947189974480e+01 5.5895320039661911e-02 0.0000000000000000e+00 4.3553053821757164e+00 5.6514973548558167e-03 -2.1495783374568745e-07 2.7677008319640716e-02
340 8.7938305420925076e+00 2.4401754006931046e+01 -2.8364336896331332e-02 -3.0602474596949019e-07 2.0069454396094041e+01 -3.2268819356906064e-02 0.0000000000000000e+00 4.3322996108370058e+00 3.9044824605747319e-03 -3.0602474596949019e-07 2.7706778001490184e-02
350 9.0711079025087038e+00 2.4276894487609958e+01 -9.6023180332667213e-03 -5.7806508708273533e-07 1.9966674776448741e+01 -1.1749771430199729e-02 0.0000000000000000e+00 4.3102197111612179e+00 2.1474533969330079e-03 -5.7806508708273533e-07 2.7746144115569964e-02
360 9.3488385945602275e+00 2.4170239064395265e+01 -3.5759966129386811e-02 -6.7327272071136210e-07 1.9880696804675583e+01 -3.5728380999310971e-02 0.0000000000000000e+00 4.2895422597196822e+00 -3.1585130075839629e-05 -6.7327272071136210e-07 2.7796699135278196e-02
370 9.6270094832664022e+00 2.4026212702369104e+01 -6.1542928553741882e-02 -4.6954641159356281e-07 1.9756885560831378e+01 -5.8981852323780615e-02 0.0000000000000000e+00 4.2693271415377261e+00 -2.5610762299612677e-03 -4.6954641159356281e-07 2.7830503409702764e-02
380 9.9054607401620487e+00 2.3908329615058335e+01 -7.9882157977833712e-02 -3.6582827450349737e-07 1.9658320579900618e+01 -7.4819851060553333e-02 0.0000000000000000e+00 4.2500090351577171e+00 -5.0623069172803792e-03 -3.6582827450349737e-07 2.7856690357686606e-02
390 1.0184155264010593e+01 2.3796742718459072e+01 -1.2363519991263505e-01 -4.0050555488057614e-07 1.9564552633978550e+01 -1.1598251919913238e-01 0.0000000000000000e+00 4.2321900844805214e+00 -7.6526807135026687e-03 -4.0050555488057614e-07 2.7880411959462184e-02
400 1.0463112306802602e+01 2.3709745687608851e+01 -1.4347607296174525e-01 -1.6313122051888215e-07 1.9494632530512078e+01 -1.3324332109332460e-01 0.0000000000000000e+00 4.2151131570967717e+00 -1.0232751868420653e-02 -1.6313122051888215e-07 2.7908884368824140e-02
410 1.0742388265714295e+01 2.3579793699686196e+01 -1.5433927541813386e-01 -1.8914831330075667e-07 1.9381420856317177e+01 -1.4153880068789348e-01 0.0000000000000000e+00 4.1983728433690191e+00 -1.2800474730240374e-02 -1.8914831330075667e-07 2.7944807360892422e-02
420 1.1022084384587048e+01 2.3478427180313719e+01 -1.8264659608031208e-01 2.1917424704079461e-08 1.9296237309174376e+01 -1.6711588517048881e-01 0.0000000000000000e+00 4.1821898711393422e+00 -1.5530710909823275e-02 2.1917424704079461e-08 2.7991777287645635e-02
430 1.1302243625208732e+01 2.3394586227005462e+01 -1.8622399683980584e-01 2.8291556500349433e-07 1.9227518222180940e+01 -1.6853848068005028e-01 0.0000000000000000e+00 4.1670680048245199e+00 -1.7685516159755554e-02 2.8291556500349433e-07 2.8030148743741275e-02
440 1.1582665621085974e+01 2.3302656844203959e+01 -1.9108150856322537e-01 4.7902220615235017e-07 1.9149887634615204e+01 -1.7172086346361670e-01 0.0000000000000000e+00 4.1527692095887545e+00 -1.9360645099608664e-02 4.7902220615235017e-07 2.8051870264344938e-02
450 1.1863295524330320e+01 2.3216402182400973e+01 -1.8660060036329007e-01 8.4622611198222364e-07 1.9077377640819726e+01 -1.6631720271361772e-01 0.0000000000000000e+00 4.1390245415812474e+00 -2.0283397649672352e-02 8.4622611198222364e-07 2.8072234617246256e-02
460 1.2144134652365254e+01 2.3128482977062191e+01 -1.6131030938795798e-01 1.1664462578192917e-06 1.9002851667596435e+01 -1.4109387075219360e-01 0.0000000000000000e+00 4.1256313094657546e+00 -2.0216438635764389e-02 1.1664462578192917e-06 2.8092326296612999e-02
470 1.2425155889270638e+01 2.3045168646609241e+01 -1.3714317654983121e-01 1.3829961988305608e-06 1.8932229889700412e+01 -1.1793595586455030e-01 0.0000000000000000e+00 4.1129387569088287e+00 -1.9207220685280912e-02 1.3829961988305608e-06 2.8110542233625361e-02
480 1.2706375113892031e+01 2.2962680866289162e+01 -9.3860188320220583e-02 1.7297461467075893e-06 1.8862067879703762e+01 -7.6814851119772598e-02 0.0000000000000000e+00 4.1006129865854000e+00 -1.7045337200447985e-02 1.7297461467075893e-06 2.8131958357274365e-02
490 1.2987828890038475e+01 2.2882392691614442e+01 -6.1418811688551456e-02 1.7903885791159800e-06 1.8793801696882802e+01 -4.7561509569638893e-02 0.0000000000000000e+00 4.0885909947316392e+00 -1.3857302118912562e-02 1.7903885791159800e-06 2.8155962495614334e-02
500 1.3269510119491144e+01 2.2814845352628424e+01 7.3036704606936897e-03 2.1366105604209840e-06 1.8737709527088910e+01 1.6526770822678394e-02 0.0000000000000000e+00 4.0771358255395160e+00 -9.2231003619847041e-03 2.1366105604209840e-06 2.8177547356504542e-02
510 1.3551324064273498e+01 2.2741816016895214e+01 7.5506673034255511e-02 2.2840768246557327e-06 1.8675585070660791e+01 7.9286400704630111e-02 0.0000000000000000e+00 4.0662309462344242e+00 -3.7797276703745997e-03 2.2840768246557327e-06 2.8182313707772595e-02
520 1.3833136360308682e+01 2.2675604971755057e+01 1.4281940306627527e-01 2.4077890687768433e-06 1.8619824251321958e+01 1.4029833984537632e-01 0.0000000000000000e+00 4.0557807204330985e+00 2.5210632208989558e-03 2.4077890687768433e-06 2.8179997501256701e-02
530 1.4114942149717661e+01 2.2606478611588624e+01 2.1158404474999304e-01 2.7293653602466486e-06 1.8560815233284302e+01 2.0250748806611441e-01 0.0000000000000000e+00 4.0456633783043214e+00 9.0765566838786338e-03 2.7293653602466486e-06 2.8181803294122943e-02
540 1.4396799321348658e+01 2.2542327806307505e+01 2.8000774069347156e-01 2.9254456654348658e-06 1.8506494165339902e+01 2.6398323682515112e-01 0.0000000000000000e+00 4.0358336409676010e+00 1.6024503868320439e-02 2.9254456654348658e-06 2.8189611330499693e-02
550 1.4678755567160730e+01 2.2482231707731273e+01 3.4605874796507674e-01 2.8925460930538866e-06 1.8455773649589425e+01 3.2259658179714457e-01 0.0000000000000000e+00 4.0264580581418468e+00 2.3462166167932175e-02 2.8925460930538866e-06 2.8201356472674379e-02
560 1.4960867918066535e+01 2.2427253935288814e+01 4.0557385808060054e-01 3.1372207027795584e-06 1.8409738932066610e+01 3.7444412391754867e-01 0.0000000000000000e+00 4.0175150032222051e+00 3.1129734163051870e-02 3.1372207027795584e-06 2.8221027666229390e-02
570 1.5243234701210106e+01 2.2369840213103039e+01 4.5369210234766721e-01 3.3265449271136746e-06 1.8360954462251659e+01 4.1522876963439970e-01 0.0000000000000000e+00 4.0088857508513804e+00 3.8463332713267517e-02 3.3265449271136746e-06 2.8250341106089847e-02
580 1.5525855011887025e+01 2.2313566989345503e+01 4.8483998577346932e-01 3.7642192580963556e-06 1.8313015778708294e+01 4.3992024194866453e-01 0.0000000000000000e+00 4.0005512106372096e+00 4.4919743824804792e-02 3.7642192580963556e-06 2.8269571542110929e-02
590 1.5808632923383797e+01 2.2258945498963648e+01 5.0127870604811764e-01 3.9975646901189320e-06 1.8266463653237686e+01 4.5110763257232023e-01 0.0000000000000000e+00 3.9924818457259614e+00 5.0171073475797412e-02 3.9975646901189320e-06 2.8285221059366889e-02
600 1.6091603290277043e+01 2.2210941931802264e+01 4.8660073046083197e-01 4.1904548343557354e-06 1.8225925953572897e+01 4.3315369062079601e-01 0.0000000000000000e+00 3.9850159782293657e+00 5.3447039840035959e-02 4.1904548343557354e-06 2.8307755834652344e-02
610 1.6374841692945949e+01 2.2164814232620685e+01 4.6044450810288162e-01 4.5271282164445628e-06 1.8187179687933838e+01 4.0544027001582261e-01 0.0000000000000000e+00 3.9776345446868451e+00 5.5004238087059010e-02 4.5271282164445628e-06 2.8339273178402877e-02
620 1.6658476682069338e+01 2.2109176855270597e+01 4.0664909819286210e-01 5.2970224753869473e-06 1.8138792110497697e+01 3.5250696520571978e-01 0.0000000000000000e+00 3.9703847447728990e+00 5.4142132987142322e-02 5.2970224753869473e-06 2.8385327538788193e-02
630 1.6942594369280730e+01 2.2069096495695856e+01 3.2507697385898626e-01 5.7246889521602613e-06 1.8105468779891076e+01 2.7475809396219386e-01 0.0000000000000000e+00 3.9636277158047806e+00 5.0318879896792401e-02 5.7246889521602613e-06 2.8428410915734587e-02
640 1.7226942031982386e+01 2.2024948015536221e+01 2.1953428435652889e-01 6.2171985492841254e-06 1.8067951659692028e+01 1.7591148054435735e-01 0.0000000000000000e+00 3.9569963558441938e+00 4.3622803812171540e-02 6.2171985492841254e-06 2.8434477620839040e-02
650 1.7511193619989218e+01 2.1980966141025359e+01 8.8389502731633263e-02 6.9131005944161483e-06 1.8030347945796983e+01 5.4360898303928984e-02 0.0000000000000000e+00 3.9506181952283770e+00 3.4028604427704279e-02 6.9131005944161483e-06 2.8419285229614111e-02
660 1.7795335390010521e+01 2.1937173320649080e+01 -5.4624761848506287e-02 7.5520909410682405e-06 1.7992765399787622e+01 -7.6417999368985079e-02 0.0000000000000000e+00 3.9444079208614591e+00 2.1793237520478792e-02 7.5520909410682405e-06 2.8409686627884997e-02
670 1.8079349034002913e+01 2.1898486506551134e+01 -2.2343326985847378e-01 8.1999193910992991e-06 1.7960044703389471e+01 -2.3039490541153285e-01 0.0000000000000000e+00 3.9384418031616626e+00 6.9616355530590646e-03 8.1999193910992991e-06 2.8391030088881983e-02
680 1.8363167397782366e+01 2.1859271026057350e+01 -4.0024045114282636e-01 8.7892529512998141e-06 1.7926525940576351e+01 -3.9030533189184169e-01 0.0000000000000000e+00 3.9327450854809975e+00 -9.9351192509846697e-03 8.7892529512998141e-06 2.8375937558462756e-02
690 1.8646828997763365e+01 2.1823788034646974e+01 -5.7942302790067490e-01 9.3712803194750422e-06 1.7896518757402255e+01 -5.5118823045764920e-01 0.0000000000000000e+00 3.9272692772447195e+00 -2.8234797443025705e-02 9.3712803194750422e-06 2.8349912313071116e-02
700 1.8930107062690468e+01 2.1788310526403770e+01 -7.5560662796743472e-01 9.8047452461895104e-06 1.7866265866207026e+01 -7.0811905494364247e-01 0.0000000000000000e+00 3.9220446601967418e+00 -4.7487573023792251e-02 9.8047452461895104e-06 2.8310169161916615e-02
710 1.9213046692893030e+01 2.1754134885149369e+01 -9.2278781155558587e-01 1.0176282284855266e-05 1.7836998579369840e+01 -8.5537883228090106e-01 0.0000000000000000e+00 3.9171363057795281e+00 -6.7408979274684810e-02 1.0176282284855266e-05 2.8283952716314561e-02
720 1.9495819658352612e+01 2.1725043236622081e+01 -1.0693109088698691e+00 1.0003072298051080e-05 1.7812559953350103e+01 -9.8205003284169301e-01 0.0000000000000000e+00 3.9124832832719778e+00 -8.7260876028176115e-02 1.0003072298051080e-05 2.8274334604806953e-02
730 1.9778492327564933e+01 2.1698296390038614e+01 -1.1930791728857566e+00 1.0797121082763314e-05 1.7790239879583947e+01 -1.0868544191894998e+00 0.0000000000000000e+00 3.9080565104546672e+00 -1.0622475369625684e-01 1.0797121082763314e-05 2.8265376110081487e-02
740 2.0061223842163660e+01 2.1671342365090808e+01 -1.2756969557425306e+00 1.0797665405517839e-05 1.7767396777611445e+01 -1.1526627399103884e+00 0.0000000000000000e+00 3.9039455874793632e+00 -1.2303421583214225e-01 1.0797665405517839e-05 2.8281095696397376e-02
750 2.0344154029516915e+01 2.1649604651392938e+01 -1.3171284342273748e+00 1.1128055435618052e-05 1.7749520887306375e+01 -1.1802046718695252e+00 0.0000000000000000e+00 3.9000837640865642e+00 -1.3692376235784953e-01 1.1128055435618052e-05 2.8302660123383217e-02
760 2.0627269898894621e+01 2.1626121029266212e+01 -1.3105801215401147e+00 1.1582932859456605e-05 1.7729628606662182e+01 -1.1635997908829880e+00 0.0000000000000000e+00 3.8964924226040294e+00 -1.4698033065712668e-01 1.1582932859456605e-05 2.8318673795074946e-02
770 2.0910520914817468e+01 2.1604609772331102e+01 -1.2523901483833590e+00 1.1830677731511676e-05 1.7711482252773237e+01 -1.1000550830307678e+00 0.0000000000000000e+00 3.8931275195578667e+00 -1.5233506535259123e-01 1.1830677731511676e-05 2.8331761314718124e-02
780 2.1193995091188270e+01 2.1582434588584988e+01 -1.1400087322523704e+00 1.2821906334697476e-05 1.7692510606899688e+01 -9.8778504992107496e-01 0.0000000000000000e+00 3.8899239816852997e+00 -1.5222368233129546e-01 1.2821906334697476e-05 2.8364498197386342e-02
790 2.1477959300976270e+01 2.1562600195917948e+01 -9.6586730658840170e-01 1.3820151323125088e-05 1.7675718501636254e+01 -8.1987579725900162e-01 0.0000000000000000e+00 3.8868816942816928e+00 -1.4599150932940008e-01 1.3820151323125088e-05 2.8427448963937802e-02
800 2.1762697731487204e+01 2.1541876656828912e+01 -7.3339797519142069e-01 1.5046815061340809e-05 1.7657922614230927e+01 -6.0027260478956279e-01 0.0000000000000000e+00 3.8839540425979848e+00 -1.3312537040185790e-01 1.5046815061340809e-05 2.8510621067594773e-02
810 2.2048207837390979e+01 2.1522513681154628e+01 -4.4745916270352748e-01 1.6336582443845555e-05 1.7641264930760777e+01 -3.3411456641044346e-01 0.0000000000000000e+00 3.8812487503938509e+00 -1.1334459629308402e-01 1.6336582443845555e-05 2.8574152945325542e-02
820 2.2333599574082463e+01 2.1503934569821148e+01 -1.1148606821509410e-01 1.7632862708089279e-05 1.7625161503572681e+01 -2.4707818352337263e-02 0.0000000000000000e+00 3.8787730662484678e+00 -8.6778249862756840e-02 1.7632862708089279e-05 2.8494421073074983e-02
830 2.2618034763731728e+01 2.1487359513450421e+01 2.6191527668137771e-01 1.8840704148585383e-05 1.7610883372731259e+01 3.1586214229212572e-01 0.0000000000000000e+00 3.8764761407191646e+00 -5.3946865610748018e-02 1.8840704148585383e-05 2.8403023638790544e-02
840 2.2901555122133420e+01 2.1470773547027306e+01 6.6449333983166237e-01 2.0641217290858776e-05 1.7596329307760143e+01 6.8004586763686259e-01 0.0000000000000000e+00 3.8744442392671643e+00 -1.5552527805200222e-02 2.0641217290858776e-05 2.8301175579192712e-02
850 2.3183904636430558e+01 2.1463966587468459e+01 1.0740312514298760e+00 2.1534351611184230e-05 1.7591088991203613e+01 1.0468608150398859e+00 0.0000000000000000e+00 3.8728775962648454e+00 2.7170436389990060e-02 2.1534351611184230e-05 2.8180493478466823e-02
860 2.3465112058750030e+01 2.1459777203925906e+01 1.4848762430350013e+00 2.2785749903080211e-05 1.7588120493506842e+01 1.4121148284618363e+00 0.0000000000000000e+00 3.8716567104190651e+00 7.2761414573164873e-02 2.2785749903080211e-05 2.8068370086798952e-02
870 2.3744890256578735e+01 2.1462252199547166e+01 1.8754553538157270e+00 2.3832335130026138e-05 1.7591747611121747e+01 1.7561772432153333e+00 0.0000000000000000e+00 3.8705045884254172e+00 1.1927811060039373e-01 2.3832335130026138e-05 2.7909807584389490e-02
880 2.4023284041066145e+01 2.1474736261187005e+01 2.2337971919758113e+00 2.4542185589715765e-05 1.7604385020946967e+01 2.0679093937289368e+00 0.0000000000000000e+00 3.8703512402400371e+00 1.6588779824687427e-01 2.4542185589715765e-05 2.7786476701961983e-02
890 2.4300637482239782e+01 2.1493258173330162e+01 2.5337170198318693e+00 2.5848611631852350e-05 1.7621274970809601e+01 2.3220851638431173e+00 0.0000000000000000e+00 3.8719832025205614e+00 2.1163185598875189e-01 2.5848611631852350e-05 2.7703118962446333e-02
900 2.4577219800413268e+01 2.1523158945070172e+01 2.7674821006400565e+00 2.7090048210519100e-05 1.7648602791497485e+01 2.5135902012035594e+00 0.0000000000000000e+00 3.8745561535726867e+00 2.5389189943649693e-01 2.7090048210519100e-05 2.7607368623855200e-02
910 2.4852771838944562e+01 2.1556779609975358e+01 2.9222532999349542e+00 2.8963105353120454e-05 1.7679177666230210e+01 2.6318403995195396e+00 0.0000000000000000e+00 3.8776019437451463e+00 2.9041290041541468e-01 2.8963105353120454e-05 2.7519300422383743e-02
920 2.5127717427825822e+01 2.1598290590454248e+01 2.9737589895635868e+00 3.1484070288308809e-05 1.7717062659222677e+01 2.6546189501772188e+00 0.0000000000000000e+00 3.8812279312315692e+00 3.1914003938636792e-01 3.1484070288308809e-05 2.7482322506672076e-02
930 2.5402409230514767e+01 2.1643507035659461e+01 2.9173724899222786e+00 3.5435167485273753e-05 1.7757842238805633e+01 2.5787671735269537e+00 0.0000000000000000e+00 3.8856647968538263e+00 3.3860531639532498e-01 3.5435167485273753e-05 2.7446960180918051e-02
940 2.5676728267066256e+01 2.1688982990175504e+01 2.7444846689795757e+00 3.9898769705260618e-05 1.7798063568065977e+01 2.3973579293655076e+00 0.0000000000000000e+00 3.8909194221095280e+00 3.4712673961406793e-01 3.9898769705260618e-05 2.7426481880571146e-02
950 2.5950999319438314e+01 2.1732941799096729e+01 2.4439760379147035e+00 4.7001243973357358e-05 1.7836157404644887e+01 2.1007657310964736e+00 0.0000000000000000e+00 3.8967843944518412e+00 3.4321030681823017e-01 4.7001243973357358e-05 2.7427718893042935e-02
960 2.6225308946917114e+01 2.1777712068612765e+01 2.0253924089547035e+00 5.6284291360275375e-05 1.7874703635980339e+01 1.6998425845926666e+00 0.0000000000000000e+00 3.9030084326324244e+00 3.2554982436203705e-01 5.6284291360275375e-05 2.7436697971824346e-02
970 2.6499771130817400e+01 2.1822968008792763e+01 1.4788986472053689e+00 6.8017982653259594e-05 1.7913347887570907e+01 1.1855616410852665e+00 0.0000000000000000e+00 3.9096201212218546e+00 2.9333700612010227e-01 6.8017982653259594e-05 2.7456020097560121e-02
980 2.6774527005143426e+01 2.1869690476953210e+01 8.1700900789076714e-01 8.2829178863218672e-05 1.7953032467796774e+01 5.7066969290258296e-01 0.0000000000000000e+00 3.9166580091564360e+00 2.4633931498818418e-01 8.2829178863218672e-05 2.7493821699697146e-02
990 2.7049638641429052e+01 2.1924464092694723e+01 6.1780209503015104e-02 1.0013374233556777e-04 1.8000038200385578e+01 -1.2303674439061396e-01 0.0000000000000000e+00 3.9244258923091455e+00 1.8481695389362907e-01 1.0013374233556777e-04 2.7525669832760457e-02
1000 2.7325155908411904e+01 2.1986212244131554e+01 -7.6965664520712551e-01 1.2074735457313812e-04 1.8053011969320568e+01 -8.7952353735539823e-01 0.0000000000000000e+00 3.9332002748109862e+00 1.0986689214827272e-01 1.2074735457313812e-04 2.7579507058465635e-02
1010 2.7601314549523039e+01 2.2063698822585589e+01 -1.6507307457982150e+00 1.4468392797538056e-04 1.8120236458713876e+01 -1.6741515286975304e+00 0.0000000000000000e+00 3.9434623638717148e+00 2.3420782899315373e-02 1.4468392797538056e-04 2.7645189170653124e-02
1020 2.7877918552782283e+01 2.2176426644239928e+01 -2.5318646958219948e+00 1.7136916965244839e-04 1.8220748901365432e+01 -2.4607762928479753e+00 0.0000000000000000e+00 3.9556777428744967e+00 -7.1088402974019527e-02 1.7136916965244839e-04 2.7622262842542357e-02
1030 2.8153084500634513e+01 2.2317840449789546e+01 -3.3766363983447665e+00 2.0032312255331011e-04 1.8347832563310249e+01 -3.2082437928966900e+00 0.0000000000000000e+00 3.9700078864792983e+00 -1.6839260544807633e-01 2.0032312255331011e-04 2.7419670385584894e-02
1040 2.8426188860033179e+01 2.2496125539817882e+01 -4.1362930342311968e+00 2.3133508643434031e-04 1.8507832665141731e+01 -3.8696138912436568e+00 0.0000000000000000e+00 3.9882928746761515e+00 -2.6667914298753970e-01 2.3133508643434031e-04 2.7224981623076835e-02
1050 2.8697691486453021e+01 2.2710902756846554e+01 -4.7487700436478280e+00 2.6352232419915805e-04 1.8699553008351888e+01 -4.3866593250535448e+00 0.0000000000000000e+00 4.0113497484946663e+00 -3.6211071859428334e-01 2.6352232419915805e-04 2.7097389394450680e-02
1060 2.8967732288305882e+01 2.2962418820785825e+01 -5.1803873372537419e+00 2.9709006714661896e-04 1.8923898243617849e+01 -4.7334403351641559e+00 0.0000000000000000e+00 4.0385205771679757e+00 -4.4694700208958571e-01 2.9709006714661896e-04 2.6913295970517361e-02
1070 2.9235875871431585e+01 2.3242430632512310e+01 -5.3699351757774068e+00 3.3123613384492386e-04 1.9173224607697207e+01 -4.8545977004421150e+00 0.0000000000000000e+00 4.0692060248151032e+00 -5.1533747533529151e-01 3.3123613384492386e-04 2.6744482797758998e-02
1080 2.9502713794604798e+01 2.3541141936791050e+01 -5.2896516672691218e+00 3.6559104635165490e-04 1.9437640558809981e+01 -4.7272281065785009e+00 0.0000000000000000e+00 4.1035013779810674e+00 -5.6242356069062072e-01 3.6559104635165490e-04 2.6641374445575423e-02
1090 2.9768381849715496e+01 2.3838466481966925e+01 -4.9083256694229478e+00 4.0236645328323606e-04 1.9697803984484359e+01 -4.3252470692084239e+00 0.0000000000000000e+00 4.1406624974825652e+00 -5.8307860021452362e-01 4.0236645328323606e-04 2.6518129240363578e-02
1100 3.0033298870740417e+01 2.4124147365393718e+01 -4.1876404291132987e+00 4.3894559070966537e-04 1.9944177697035968e+01 -3.6147675486697342e+00 0.0000000000000000e+00 4.1799696683577476e+00 -5.7287288044356421e-01 4.3894559070966537e-04 2.6483841499329787e-02
1110 3.0297819149536895e+01 2.4396344007415795e+01 -3.1377551747858750e+00 4.7563097290339424e-04 2.0175751516479203e+01 -2.6096170925202928e+00 0.0000000000000000e+00 4.2205924909365926e+00 -5.2813808226558212e-01 4.7563097290339424e-04 2.6426624613359775e-02
1120 3.0562018132886990e+01 2.4653745935794699e+01 -1.7745718993004158e+00 5.1225279848530515e-04 2.0392048118811417e+01 -1.3277119596475542e+00 0.0000000000000000e+00 4.2616978169832818e+00 -4.4685993965286153e-01 5.1225279848530515e-04 2.6398152633423533e-02
1130 3.0825935245863366e+01 2.4928560177552161e+01 -1.4789953404738743e-01 5.4835709925419099e-04 2.0625196744632127e+01 1.8165383648899258e-01 0.0000000000000000e+00 4.3033634329200332e+00 -3.2955337053638001e-01 5.4835709925419099e-04 2.6396782335540225e-02
1140 3.1090017943573748e+01 2.5216128482190442e+01 1.6417026289474055e+00 5.8455740487881177e-04 2.0869571507753051e+01 1.8213170850340186e+00 0.0000000000000000e+00 4.3465569744373909e+00 -1.7961445608661308e-01 5.8455740487881177e-04 2.6417105835520451e-02
1150 3.1354377542567399e+01 2.5572254511786475e+01 3.4886070045277080e+00 6.2009886407029852e-04 2.1178628822217313e+01 3.4926934024090599e+00 0.0000000000000000e+00 4.3936256895691645e+00 -4.0863978813521218e-03 6.2009886407029852e-04 2.6452110301367699e-02
1160 3.1618865246642866e+01 2.6020796228884031e+01 5.1763671954578072e+00 6.5368484226913483e-04 2.1574081074518105e+01 4.9925599530105345e+00 0.0000000000000000e+00 4.4467151543659273e+00 1.8380724244727309e-01 6.5368484226913483e-04 2.6417561063074885e-02
1170 3.1882348423063700e+01 2.6556173468665008e+01 6.5098321592794210e+00 6.8571919516269872e-04 2.2048528565458920e+01 6.1438276666379341e+00 0.0000000000000000e+00 4.5076449032060903e+00 3.6600449264148660e-01 6.8571919516269872e-04 2.6304987541816600e-02
1180 3.2145121282315252e+01 2.7130012300230938e+01 7.3256627962534520e+00 7.1483129382812164e-04 2.2554533685303873e+01 6.8018046477343308e+00 0.0000000000000000e+00 4.5754786149270625e+00 5.2385814851912149e-01 7.1483129382812164e-04 2.6251202290834164e-02
1190 3.2407253222833802e+01 2.7683115859303353e+01 7.4540039360703672e+00 7.4269577719476745e-04 2.3036662700795752e+01 6.8153387981784519e+00 0.0000000000000000e+00 4.6464531585076010e+00 6.3866513789191559e-01 7.4269577719476745e-04 2.6191819348000338e-02
1200 3.2668931032337142e+01 2.8131862211561149e+01 6.8748402611090089e+00 7.6610395443148433e-04 2.3416595400619421e+01 6.1789226433244231e+00 0.0000000000000000e+00 4.7152668109417295e+00 6.9591761778458627e-01 7.6610395443148433e-04 2.6146196083101026e-02
1210 3.2930221891519032e+01 2.8436629512525776e+01 5.5845128307138205e+00 7.8625189674806726e-04 2.3660021876954342e+01 4.8967546141456344e+00 0.0000000000000000e+00 4.7766076355714322e+00 6.8775821656818581e-01 7.8625189674806726e-04 2.6128238802477124e-02
1220 3.3191553228317275e+01 2.8607982746847316e+01 3.7255273067939720e+00 8.0308538300688905e-04 2.3780835393836767e+01 3.1125945368741856e+00 0.0000000000000000e+00 4.8271473530105498e+00 6.1293276991978662e-01 8.0308538300688905e-04 2.6138304186237707e-02
1230 3.3452972743520178e+01 2.8702126385910326e+01 1.4466673170390736e+00 8.1596332533183358e-04 2.3835701873661744e+01 9.6982535380348622e-01 0.0000000000000000e+00 4.8664245122485816e+00 4.7684196323558736e-01 8.1596332533183358e-04 2.6133125418085115e-02
1240 3.3713805220003898e+01 2.8761409756768696e+01 -1.0030751230329105e+00 8.2736289998189445e-04 2.3864863772574967e+01 -1.2943503036092716e+00 0.0000000000000000e+00 4.8965459841937298e+00 2.9127518057636115e-01 8.2736289998189445e-04 2.6033539240284204e-02
1250 3.3973214695594969e+01 2.8883034498961557e+01 -3.3941459506092468e+00 8.3622598645202890e-04 2.3960752760024803e+01 -3.4686409046299751e+00 0.0000000000000000e+00 4.9222817389367544e+00 7.4494954020728255e-02 8.3622598645202890e-04 2.5860614073386419e-02
1260 3.4230665023868383e+01 2.9088151652912629e+01 -5.4243127965975386e+00 8.4351188557739865e-04 2.4139877522649904e+01 -5.2742240627779333e+00 0.0000000000000000e+00 4.9482741302627247e+00 -1.5008873381960527e-01 8.4351188557739865e-04 2.5652922408399659e-02
1270 3.4485821966335195e+01 2.9391016233099844e+01 -6.9447474792948789e+00 8.4986678094034550e-04 2.4413212064742179e+01 -6.5859254996176642e+00 0.0000000000000000e+00 4.9778041683576655e+00 -3.5882197967721496e-01 8.4986678094034550e-04 2.5398469047340583e-02
1280 3.4738895513081125e+01 2.9730344636562869e+01 -7.6035522363004269e+00 8.5738627298528251e-04 2.4718734197053816e+01 -7.0709601303254050e+00 0.0000000000000000e+00 5.0116104395090542e+00 -5.3259210597502160e-01 8.5738627298528251e-04 2.5241000441517975e-02
1290 3.4990677674920640e+01 2.9968661297618077e+01 -7.8347027571434102e+00 8.6222224928782622e-04 2.4923051880239893e+01 -7.1815609890632164e+00 0.0000000000000000e+00 5.0456094173781851e+00 -6.5314176808019386e-01 8.6222224928782622e-04 2.5136043753604204e-02
1300 3.5241644704515259e+01 3.0128881890337858e+01 -7.0007855471445808e+00 8.6745443923487507e-04 2.5053596884106923e+01 -6.2938643739712230e+00 0.0000000000000000e+00 5.0752850062309358e+00 -7.0692117317335801e-01 8.6745443923487507e-04 2.5073347255849254e-02
1310 3.5492392273490765e+01 3.0148330781783258e+01 -5.5304430250422234e+00 8.7159219194287807e-04 2.5052438119738916e+01 -4.8396925942722575e+00 0.0000000000000000e+00 5.0958926620443421e+00 -6.9075043076996590e-01 8.7159219194287807e-04 2.5080461911068105e-02
1320 3.5743501860412756e+01 3.0053833966877782e+01 -3.5092797826723263e+00 8.7604162030558450e-04 2.4947526597243446e+01 -2.9040721823621531e+00 0.0000000000000000e+00 5.1063073696343348e+00 -6.0520760031017296e-01 8.7604162030558450e-04 2.5145129992247339e-02
1330 3.5995616421926684e+01 2.9946081884501172e+01 -1.0455146366060963e+00 8.8066141277478866e-04 2.4839384900940303e+01 -5.8812515223715067e-01 0.0000000000000000e+00 5.1066969835608687e+00 -4.5738948436894566e-01 8.8066141277478866e-04 2.5278828253305765e-02
1340 3.6249494887784827e+01 2.9758445200355602e+01 1.6193234619930295e+00 8.8704595869561306e-04 2.4658041483392978e+01 1.8784273299689360e+00 0.0000000000000000e+00 5.1004037169626226e+00 -2.5910386797590657e-01 8.8704595869561306e-04 2.5486423831745399e-02
1350 3.6505578645105132e+01 2.9780760334006722e+01 4.1250212908162904e+00 8.9458293781901916e-04 2.4684925108158680e+01 4.1504192682961971e+00 0.0000000000000000e+00 5.0958352258480399e+00 -2.5397977479907130e-02 8.9458293781901916e-04 2.5669821996887578e-02
1360 3.6760257606974562e+01 2.9938739003963686e+01 6.3798226535454639e+00 9.0730427115208695e-04 2.4840364293334645e+01 6.1615936380815128e+00 0.0000000000000000e+00 5.0983747106290416e+00 2.1822901546395057e-01 9.0730427115208695e-04 2.5297692109185199e-02
1370 3.7011422856797864e+01 3.0187988238411876e+01 8.0163887882032085e+00 9.2136119071209682e-04 2.5077472918664441e+01 7.5720452015489261e+00 0.0000000000000000e+00 5.1105153197474351e+00 4.4434358665428308e-01 9.2136119071209682e-04 2.4972986733337397e-02
1380 3.7259350898145819e+01 3.0479276967903054e+01 8.8760019077727890e+00 9.3581713285765264e-04 2.5349190477151094e+01 8.2419915454128567e+00 0.0000000000000000e+00 5.1300864907519594e+00 6.3401036235993291e-01 9.3581713285765264e-04 2.4643738493652728e-02
1390 3.7503460171575654e+01 3.0698775764178279e+01 8.9597141152897297e+00 9.4836689607037184e-04 2.5546091642868049e+01 8.1964709847353987e+00 0.0000000000000000e+00 5.1526841213102283e+00 7.6324313055433057e-01 9.4836689607037184e-04 2.4219301099789665e-02
1400 3.7743222175125808e+01 3.0769485459149603e+01 8.1155227707255886e+00 9.5773834018437424e-04 2.5598061693316538e+01 7.2909066252200176e+00 0.0000000000000000e+00 5.1714237658330662e+00 8.2461614550557139e-01 9.5773834018437424e-04 2.3787911284837586e-02
1410 3.7979161351712534e+01 3.0762716359836219e+01 6.6824441726032031e+00 9.6666836975797745e-04 2.5580680562624956e+01 5.8693502963227075e+00 0.0000000000000000e+00 5.1820357972112614e+00 8.1309387628049556e-01 9.6666836975797745e-04 2.3436560943590787e-02
1420 3.8210553199702623e+01 3.0604506616637611e+01 4.5625876600029454e+00 9.7284889531559608e-04 2.5421368411882764e+01 3.8306155986696240e+00 0.0000000000000000e+00 5.1831382047548473e+00 7.3197206133332160e-01 9.7284889531559608e-04 2.2929761688929864e-02
1430 3.8438120124715162e+01 3.0373407100647348e+01 2.0360408252547164e+00 9.8011172182560025e-04 2.5197380269640554e+01 1.4472946564322555e+00 0.0000000000000000e+00 5.1760268310067943e+00 5.8874616882246089e-01 9.8011172182560025e-04 2.2645739705895632e-02
1440 3.8663934351161139e+01 3.0214662177918523e+01 -8.1734317223228947e-01 9.8843860972368876e-04 2.5050059990659136e+01 -1.2092738664136711e+00 0.0000000000000000e+00 5.1646021872593870e+00 3.9193069418138160e-01 9.8843860972368876e-04 2.2561819472764096e-02
1450 3.8889767106573458e+01 3.0143499055772633e+01 -3.7304431491824830e+00 9.9960944673866802e-04 2.4989253897965227e+01 -3.8832419627145658e+00 0.0000000000000000e+00 5.1542451578074058e+00 1.5279881353208280e-01 9.9960944673866802e-04 2.2619142730065236e-02
1460 3.9117011799348177e+01 3.0248728818015977e+01 -6.5323179876285336e+00 1.0135068161773115e-03 2.5096872237321598e+01 -6.4170001037169229e+00 0.0000000000000000e+00 5.1518565806943801e+00 -1.1531788391161091e-01 1.0135068161773115e-03 2.2838100853820605e-02
1470 3.9347413715889680e+01 3.0550400571822891e+01 -9.0217519859850377e+00 1.0322429833237773e-03 2.5388849271526958e+01 -8.6276184349874185e+00 0.0000000000000000e+00 5.1615513002959341e+00 -3.9413355099761960e-01 1.0322429833237773e-03 2.3225453393703421e-02
1480 3.9582249074698524e+01 3.0989697971634925e+01 -1.0901533074581630e+01 1.0516814327201668e-03 2.5804470375233997e+01 -1.0241014100876349e+01 0.0000000000000000e+00 5.1852275964009280e+00 -6.6051897370528101e-01 1.0516814327201668e-03 2.3698674174446006e-02
1490 3.9821141803926956e+01 3.1516711497768007e+01 -1.1714792209318896e+01 1.0695473788327947e-03 2.6296160654462085e+01 -1.0831203329023211e+01 0.0000000000000000e+00 5.2205508433059240e+00 -8.8358888029568439e-01 1.0695473788327947e-03 2.4007801339568133e-02
1500 4.0062210529542455e+01 3.1742140605356262e+01 -1.1994126783534599e+01 1.0833575035294695e-03 2.6485187204427167e+01 -1.0954855952165374e+01 0.0000000000000000e+00 5.2569534009290946e+00 -1.0392708313692236e+00 1.0833575035294695e-03 2.4180608584956274e-02
1510 4.0304854145714401e+01 3.1904359447942056e+01 -1.0806660622157960e+01 1.0925824893658100e-03 2.6618445045109286e+01 -9.7013800707246194e+00 0.0000000000000000e+00 5.2859144028327716e+00 -1.1052805514333395e+00 1.0925824893658100e-03 2.4324876187891593e-02
1520 4.0548564644430456e+01 3.1790421317917463e+01 -8.7235861545754343e+00 1.0994851775760503e-03 2.6490109979014150e+01 -7.6501671887959262e+00 0.0000000000000000e+00 5.3003113389033114e+00 -1.0734189657795086e+00 1.0994851775760503e-03 2.4400936646600476e-02
1530 4.0792833871760536e+01 3.1502814609606322e+01 -5.6526769752258774e+00 1.1046676947203907e-03 2.6203315942441378e+01 -4.7086790011915021e+00 0.0000000000000000e+00 5.2994986671649436e+00 -9.4399797403437535e-01 1.1046676947203907e-03 2.4446698458485992e-02
1540 4.1037510174594203e+01 3.1232705006770011e+01 -1.9033595887918218e+00 1.1096444250462858e-03 2.5944518174700097e+01 -1.1797590852402138e+00 0.0000000000000000e+00 5.2881868320699157e+00 -7.2360050355160799e-01 1.1096444250462858e-03 2.4489689338243796e-02
1550 4.1282717523147241e+01 3.0990247058967249e+01 2.1163991926965990e+00 1.1208774232522472e-03 2.5716452675068460e+01 2.5429029369617275e+00 0.0000000000000000e+00 5.2737943838987897e+00 -4.2650374426512849e-01 1.1208774232522472e-03 2.4550521001386896e-02
1560 4.1528632633611366e+01 3.1020173400822756e+01 6.1747381752001615e+00 1.1413215463202142e-03 2.5754563381678480e+01 6.2464822997385063e+00 0.0000000000000000e+00 5.2656100191442778e+00 -7.1744124538345222e-02 1.1413215463202142e-03 2.4628305990259895e-02
1570 4.1775376698601150e+01 3.1403437928543362e+01 9.9558429185772024e+00 1.1672384529492687e-03 2.6126741468684656e+01 9.6451263207348781e+00 0.0000000000000000e+00 5.2766964598587069e+00 3.1071659784232408e-01 1.1672384529492687e-03 2.4711659671337972e-02
1580 4.2022928880554716e+01 3.1999728440827710e+01 1.2864774146390618e+01 1.1929586874046200e-03 2.6690301544669641e+01 1.2182022464754208e+01 0.0000000000000000e+00 5.3094268961580671e+00 6.8275168163640876e-01 1.1929586874046200e-03 2.4787815916548935e-02
1590 4.2271077635399337e+01 3.2674941904800747e+01 1.4571094570617536e+01 1.2133943226182967e-03 2.7315334410439512e+01 1.3571442204261187e+01 0.0000000000000000e+00 5.3596074943612324e+00 9.9965236635634924e-01 1.2133943226182967e-03 2.4836530056143620e-02
1600 4.2519681058932349e+01 3.3181626027143622e+01 1.4835554822769911e+01 1.2227052967928483e-03 2.7768877623687704e+01 1.3613433164074387e+01 0.0000000000000000e+00 5.4127484034559199e+00 1.2221216586955246e+00 1.2227052967928483e-03 2.4883099261431018e-02
1610 4.2768869109111634e+01 3.3379539117291010e+01 1.3684992975143917e+01 1.2225807873343861e-03 2.7926410023744538e+01 1.2359770735152082e+01 0.0000000000000000e+00 5.4531290935464733e+00 1.3252222399918345e+00 1.2225807873343861e-03 2.4946834890767159e-02
1620 4.3018737668140652e+01 3.3216594558727969e+01 1.1180505701550208e+01 1.2166152205655796e-03 2.7746035878856404e+01 9.8796959376877016e+00 0.0000000000000000e+00 5.4705586798715657e+00 1.3008097638625065e+00 1.2166152205655796e-03 2.5020690043034668e-02
1630 4.3269361763008909e+01 3.2802427581084373e+01 7.5776845571359637e+00 1.2071367836500343e-03 2.7337392181654828e+01 6.4241783784793682e+00 0.0000000000000000e+00 5.4650353994295440e+00 1.1535061786565959e+00 1.2071367836500343e-03 2.5096194525626267e-02
1640 4.3520707836246153e+01 3.2293838952617648e+01 3.0934612236490402e+00 1.1976588410712321e-03 2.6849271905437785e+01 2.2000865928519850e+00 0.0000000000000000e+00 5.4445670471798628e+00 8.9337463079705515e-01 1.1976588410712321e-03 2.5166851180967838e-02
1650 4.3772805501194014e+01 3.1861345359060330e+01 -1.7966629600445647e+00 1.1957844310943294e-03 2.6442280918752243e+01 -2.3358759663733579e+00 0.0000000000000000e+00 5.4190644403080883e+00 5.3921300632879321e-01 1.1957844310943294e-03 2.5244489870215655e-02
1660 4.4025692658990678e+01 3.1895159691032383e+01 -6.7740829887170078e+00 1.2025093720531010e-03 2.6490904668205257e+01 -6.8863846878363120e+00 0.0000000000000000e+00 5.4042550228271260e+00 1.1230169911930443e-01 1.2025093720531010e-03 2.5322860419322923e-02
1670 4.4279337012872489e+01 3.2299239937957836e+01 -1.1522081497238499e+01 1.2159207126023303e-03 2.6887159456974700e+01 -1.1173775148537262e+01 0.0000000000000000e+00 5.4120804809831355e+00 -3.4830634870123722e-01 1.2159207126023303e-03 2.5397287328747305e-02
1680 4.4533734495781360e+01 3.3084944235280922e+01 -1.4798512805921868e+01 1.2202813799404579e-03 2.7634652822610438e+01 -1.4012996284478097e+01 0.0000000000000000e+00 5.4502914126704862e+00 -7.8551652144377160e-01 1.2202813799404579e-03 2.5475009823547792e-02
1690 4.4788900513368176e+01 3.3835701062002059e+01 -1.6631483706439866e+01 1.2170509040445021e-03 2.8328413244188432e+01 -1.5483745739571074e+01 0.0000000000000000e+00 5.5072878178136273e+00 -1.1477379668687939e+00 1.2170509040445021e-03 2.5551654790379352e-02
1700 4.5044785761781846e+01 3.4355375848851146e+01 -1.6708443761435756e+01 1.1990827432466990e-03 2.8792380737055126e+01 -1.5321501669980236e+01 0.0000000000000000e+00 5.5629951117960204e+00 -1.3869420914555193e+00 1.1990827432466990e-03 2.5619328925145055e-02
1710 4.5301296477712008e+01 3.4435287654948645e+01 -1.5058356933010959e+01 1.1728291249702687e-03 2.8838277055358059e+01 -1.3580073397411269e+01 0.0000000000000000e+00 5.5970105995905852e+00 -1.4782835355996899e+00 1.1728291249702687e-03 2.5674519031241703e-02
1720 4.5558314732067771e+01 3.4108153611643587e+01 -1.1922739288369385e+01 1.1438318790649626e-03 2.8507434924010667e+01 -1.0503766939705969e+01 0.0000000000000000e+00 5.6007186876329165e+00 -1.4189723486634156e+00 1.1438318790649626e-03 2.5721319021393154e-02
1730 4.5815697767324863e+01 3.3491495607293722e+01 -7.5500500724084780e+00 1.1160086333935754e-03 2.7912627068952396e+01 -6.3298222622729181e+00 0.0000000000000000e+00 5.5788685383413235e+00 -1.2202278101355595e+00 1.1160086333935754e-03 2.5751640401796241e-02
1740 4.6073351643809303e+01 3.2855534808491143e+01 -2.3170343308054693e+00 1.0945366200856446e-03 2.7311842120566176e+01 -1.4173984844093610e+00 0.0000000000000000e+00 5.5436926879249704e+00 -8.9963584639610827e-01 1.0945366200856446e-03 2.5771803161209215e-02
1750 4.6331004604429822e+01 3.2510073241083816e+01 3.4184935821863567e+00 1.0816237011640969e-03 2.6999551712386030e+01 3.8975731814595811e+00 0.0000000000000000e+00 5.5105215286977831e+00 -4.7907959927322441e-01 1.0816237011640969e-03 2.5757487610226823e-02
1760 4.6588471289193357e+01 3.2600553282267711e+01 8.8277539529838016e+00 1.0797566381025171e-03 2.7105759403255913e+01 8.8200468946506589e+00 0.0000000000000000e+00 5.4947938790117954e+00 7.7070583331431131e-03 1.0797566381025171e-03 2.5737637192677156e-02
1770 4.6845600616522461e+01 3.3181686972566844e+01 1.3496329687018488e+01 1.0761408503842179e-03 2.7671342719094749e+01 1.2984508649613767e+01 0.0000000000000000e+00 5.5103442534720966e+00 5.1182103740471974e-01 1.0761408503842179e-03 2.5688216886259142e-02
1780 4.7102210301892988e+01 3.4010082711594379e+01 1.6752350086433527e+01 1.0619126724999675e-03 2.8453129314958321e+01 1.5783393341065764e+01 0.0000000000000000e+00 5.5569533966360609e+00 9.6895674536776089e-01 1.0619126724999675e-03 2.5640197401102835e-02
1790 4.7358388282412463e+01 3.4759190914754797e+01 1.8132575602507419e+01 1.0378366824380036e-03 2.9142278254508984e+01 1.6813149383192215e+01 0.0000000000000000e+00 5.6169126602458146e+00 1.3194262193152040e+00 1.0378366824380036e-03 2.5600119753776265e-02
1800 4.7614171446756558e+01 3.5127052469024704e+01 1.7591349834538835e+01 1.0045951380388460e-03 2.9461004244753173e+01 1.6068333507796716e+01 0.0000000000000000e+00 5.6660482242715293e+00 1.5230163267421193e+00 1.0045951380388460e-03 2.5559177746293456e-02
1810 4.7869505157782584e+01 3.5020926015997510e+01 1.5273723933942753e+01 9.6751280830339212e-04 2.9335289093344631e+01 1.3708540410109919e+01 0.0000000000000000e+00 5.6856369226528773e+00 1.5651835238328342e+00 9.6751280830339212e-04 2.5511097533384482e-02
1820 4.8124115461555995e+01 3.4503337931490677e+01 1.1511562411171649e+01 9.3285116739662299e-04 2.8830276475824988e+01 1.0058687290116250e+01 0.0000000000000000e+00 5.6730614556656924e+00 1.4528751210553992e+00 9.3285116739662299e-04 2.5415307924914990e-02
1830 4.8377810071094402e+01 3.3768107763006839e+01 6.6143934425467954e+00 9.0541000732279791e-04 2.8129593573567039e+01 5.4101730550718230e+00 0.0000000000000000e+00 5.6385141894397970e+00 1.2042203874749722e+00 9.0541000732279791e-04 2.5337607529592045e-02
1840 4.8630108336448899e+01 3.3101906002418382e+01 1.0061610441568747e+00 8.8762240619193796e-04 2.7505873022171414e+01 1.6445389084520201e-01 0.0000000000000000e+00 5.5960329802469664e+00 8.4170715331167278e-01 8.8762240619193796e-04 2.5138623457453824e-02
1850 4.8880396812317173e+01 3.2797600252886895e+01 -4.8215567227409482e+00 8.7967323827691500e-04 2.7236503439756635e+01 -5.2123050032248166e+00 0.0000000000000000e+00 5.5610968131302583e+00 3.9074828048386867e-01 8.7967323827691500e-04 2.4943934281357893e-02
1860 4.9128912064920826e+01 3.3033559578178554e+01 -1.0355070577195198e+01 8.7723477910899993e-04 2.7484623896591536e+01 -1.0241754075882056e+01 0.0000000000000000e+00 5.5489356815870199e+00 -1.1331650131314075e-01 8.7723477910899993e-04 2.4776548952008249e-02
1870 4.9375873671065598e+01 3.3681205122976039e+01 -1.4833838847872443e+01 8.7291079088388243e-04 2.8111570645238199e+01 -1.4216127734176290e+01 0.0000000000000000e+00 5.5696344777378402e+00 -6.1771111369615239e-01 8.7291079088388243e-04 2.4634333748096187e-02
1880 4.9621463563292338e+01 3.4529503701204945e+01 -1.7812097647086627e+01 8.5785917182199390e-04 2.8910329193919733e+01 -1.6749395868523621e+01 0.0000000000000000e+00 5.6191745072852139e+00 -1.0627017785630062e+00 8.5785917182199390e-04 2.4497342021552633e-02
1890 4.9865774572138264e+01 3.5239976176614284e+01 -1.8983145483136937e+01 8.3171715134880127e-04 2.9561967953750059e+01 -1.7586925625745373e+01 0.0000000000000000e+00 5.6780082228642232e+00 -1.3962198573915641e+00 8.3171715134880127e-04 2.4382186894242621e-02
1900 5.0109044925092761e+01 3.5570960736734946e+01 -1.8332546856943971e+01 7.9672767633906841e-04 2.9847563931072052e+01 -1.6746009577047381e+01 0.0000000000000000e+00 5.7233968056628974e+00 -1.5865372798965889e+00 7.9672767633906841e-04 2.4287607727120984e-02
1910 5.0351527525468541e+01 3.5445829845534206e+01 -1.6022177258648401e+01 7.6054016261867794e-04 2.9706769889392806e+01 -1.4397692598245325e+01 0.0000000000000000e+00 5.7390599561414009e+00 -1.6244846604030756e+00 7.6054016261867794e-04 2.4221366591505245e-02
1920 5.0593521410736088e+01 3.4900395326525498e+01 -1.2337969474547638e+01 7.2928563926485924e-04 2.9176425095675668e+01 -1.0819936520840926e+01 0.0000000000000000e+00 5.7239702308498313e+00 -1.5180329537067125e+00 7.2928563926485924e-04 2.4185271013515110e-02
1930 5.0835312429959906e+01 3.4144933081700742e+01 -7.5859189649757734e+00 7.0651762794969022e-04 2.8457068522165017e+01 -6.3027005446489746e+00 0.0000000000000000e+00 5.6878645595357273e+00 -1.2832184203267987e+00 7.0651762794969022e-04 2.4177041964809555e-02
1940 5.1077106606808236e+01 3.3388890679794798e+01 -2.0657233102798003e+00 6.9264229672481707e-04 2.7745777063640588e+01 -1.1271314456755590e+00 0.0000000000000000e+00 5.6431136161542064e+00 -9.3859186460424104e-01 6.9264229672481707e-04 2.4183457453211467e-02
1950 5.1319067719146531e+01 3.3095112701693324e+01 3.8738914413183982e+00 6.8752902600703819e-04 2.7491468312939290e+01 4.3768321596032091e+00 0.0000000000000000e+00 5.6036443887540326e+00 -5.0294071828481091e-01 6.8752902600703819e-04 2.4209528485969418e-02
1960 5.1561377763393381e+01 3.3140649719544371e+01 9.3928589355866983e+00 6.9062811346579274e-04 2.7557485506476237e+01 9.3995670005628913e+00 0.0000000000000000e+00 5.5831642130681365e+00 -6.7080649761939171e-03 6.9062811346579274e-04 2.4250574908965587e-02
1970 5.1803924019475531e+01 3.3722766371836101e+01 1.4196981988425229e+01 6.9013884780205585e-04 2.8127830060651497e+01 1.3690585931326853e+01 0.0000000000000000e+00 5.5949363111846075e+00 5.0639605709837632e-01 6.9013884780205585e-04 2.4239624057722120e-02
1980 5.2046108353929512e+01 3.4550881200847108e+01 1.7609610270891285e+01 6.8057947876669421e-04 2.8912912921750788e+01 1.6634587100672867e+01 0.0000000000000000e+00 5.6379682790963201e+00 9.7502317021841722e-01 6.8057947876669421e-04 2.4202754135117674e-02
1990 5.2288039948769686e+01 3.5321207732138248e+01 1.9272274052352781e+01 6.5845011147591431e-04 2.9625542937345401e+01 1.7927693528366731e+01 0.0000000000000000e+00 5.6956647947928438e+00 1.3445805239860487e+00 6.5845011147591431e-04 2.4187647304003971e-02
2000 5.2529926095676345e+01 3.5764801496879535e+01 1.9078058529962615e+01 6.2508818142926602e-04 3.0019091926303965e+01 1.7500434057622773e+01 0.0000000000000000e+00 5.7457095705755696e+00 1.5776244723398407e+00 6.2508818142926602e-04 2.4190526490447277e-02
2010 5.2771908883122940e+01 3.5734164572564332e+01 1.7170470468771835e+01 5.8747017949740195e-04 2.9966057063137846e+01 1.5513511831718299e+01 0.0000000000000000e+00 5.7681075094264838e+00 1.6569586370535365e+00 5.8747017949740195e-04 2.4207625182849791e-02
2020 5.3014185207413476e+01 3.5268888528257087e+01 1.3761873459919734e+01 5.5503733809316304e-04 2.9510662900447137e+01 1.2175142192814691e+01 0.0000000000000000e+00 5.7582256278099475e+00 1.5867312671050433e+00 5.5503733809316304e-04 2.4248112838218809e-02
2030 5.3256973648862505e+01 3.4500222497130451e+01 9.1781171195251812e+00 5.3005470196383110e-04 2.8776430625942659e+01 7.7973607233853954e+00 0.0000000000000000e+00 5.7237918711877906e+00 1.3807563961397857e+00 5.3005470196383110e-04 2.4306066385926615e-02
2040 5.3500184888154536e+01 3.3699208544938394e+01 3.7360153438446697e+00 5.1629598926487136e-04 2.8021965294958658e+01 2.6783097441944150e+00 0.0000000000000000e+00 5.6772432499797327e+00 1.0577055996502547e+00 5.1629598926487136e-04 2.4296117665898734e-02
2050 5.3742467006889079e+01 3.3212555304496107e+01 -2.1417625183527762e+00 5.1133994335216058e-04 2.7580098273840552e+01 -2.7815551598162198e+00 0.0000000000000000e+00 5.6324570306555586e+00 6.3979264146344361e-01 5.1133994335216058e-04 2.4174057488015141e-02
2060 5.3983237259887240e+01 3.3158657839985821e+01 -7.9156260690671241e+00 5.1484856834312759e-04 2.7554930342745784e+01 -8.0698777917446840e+00 0.0000000000000000e+00 5.6037274972400395e+00 1.5425172267755971e-01 5.1484856834312759e-04 2.3953350752137816e-02
2070 5.4221303913865334e+01 3.3589937370924844e+01 -1.2982850663751641e+01 5.1608654283918280e-04 2.7986024037841059e+01 -1.2627163754723624e+01 0.0000000000000000e+00 5.6039133330837885e+00 -3.5568690902801703e-01 5.1608654283918280e-04 2.3687303497252381e-02
