0 0.0000000000000000e+00 1.1748654492409530e+03 0.0000000000000000e+00 0.0000000000000000e+00 2.6633522727272725e-03
10 8.7646022523074560e-02 2.7353992578865012e+02 -3.0952285697782373e-02 2.3728636045041909e-02 1.1709612356697988e-02
20 2.2316229873765295e-01 1.6978073726734857e+02 5.1219614396787842e-03 1.8326570464284958e-04 1.4723226928549441e-02
30 3.7938864539352102e-01 1.3999487655863629e+02 -8.3173551570767633e-03 2.1537309606200995e-04 1.6213618661594313e-02
40 5.4638807817782142e-01 1.2633450241251417e+02 -1.4203818980065671e-02 1.9490839822850289e-04 1.7036222311974790e-02
50 7.1976401911397070e-01 1.1955353357924774e+02 -2.0697484977352330e-02 1.6859057035525425e-04 1.7556809551842825e-02
60 8.9745915619298899e-01 1.1636337715191580e+02 -2.8656187995224142e-02 1.5577850389997811e-04 1.7928791106773537e-02
70 1.0784573210163397e+00 1.1519223410267185e+02 -3.8682008590033297e-02 1.6256583442805661e-04 1.8228938182689034e-02
80 1.2621710600005869e+00 1.1517335140597372e+02 -5.0402471276644892e-02 1.7411167251847869e-04 1.8484826097945172e-02
90 1.4482902554566999e+00 1.1578276564381781e+02 -6.5826643846285254e-02 1.8729442611208300e-04 1.8711110694683553e-02
100 1.6365539287150250e+00 1.1664993162314717e+02 -8.5234448723954248e-02 2.0421373936442601e-04 1.8919527496605824e-02
110 1.8268496817508173e+00 1.1756869835339877e+02 -1.0901860651445418e-01 2.1805074351772576e-04 1.9116429820811628e-02
120 2.0190272792336299e+00 1.1838410167249233e+02 -1.3362068102694474e-01 2.2723895431175293e-04 1.9299702426336496e-02
130 2.2130145973113899e+00 1.1901587019453520e+02 -1.6315185998046908e-01 2.3183271144606771e-04 1.9479220689891916e-02
140 2.4087446030421771e+00 1.1943441856259858e+02 -1.9730249560632840e-01 2.3028957466732680e-04 1.9648155408510636e-02
150 2.6061235955441751e+00 1.1962633338859220e+02 -2.3653012401530205e-01 2.2467250274356765e-04 1.9810787849150448e-02
160 2.8051095305198857e+00 1.1959440289584239e+02 -2.7930283985563903e-01 2.1426542628843361e-04 1.9969737866303745e-02
170 3.0056409139161269e+00 1.1938104665405415e+02 -3.2596996626279756e-01 1.9865646662759097e-04 2.0120219363757252e-02
180 3.2076432338044389e+00 1.1900751178680568e+02 -2.9029442408123612e-01 1.7330861887819769e-04 2.0264988078594261e-02
190 3.4110710685456520e+00 1.1849314168745342e+02 -2.9195468613469672e-01 1.5550259095991882e-04 2.0405811312686515e-02
200 3.6158695979798172e+00 1.1787626266014543e+02 -2.9407973409410376e-01 1.5213618746488978e-04 2.0539380379726364e-02
210 3.8219724163522431e+00 1.1719055273856800e+02 -2.5267867503088776e-01 5.6115803836000727e-07 2.0667582363688739e-02
220 4.0293331782454560e+00 1.1644896067388240e+02 -2.0669837718163162e-01 1.2505243681519660e-04 2.0791594742790735e-02
230 4.2379033570439306e+00 1.1567853640764315e+02 -1.6474813491162793e-01 1.8454090240104491e-04 2.0909487593007054e-02
240 4.4476213464958843e+00 1.1489879081011026e+02 -1.1901177944164980e-01 8.0309997819440050e-05 2.1022233708138570e-02
250 4.6584471232231124e+00 1.1411767269703975e+02 -5.4209034450091731e-02 1.1795664043303731e-04 2.1131363059173642e-02
260 4.8703423429734167e+00 1.1333356697824590e+02 8.1413345327210358e-03 1.0058284181126809e-04 2.1236211732631100e-02
270 5.0832558110353556e+00 1.1256094716267357e+02 7.1645042636644632e-02 1.0121648923667686e-04 2.1335856041559301e-02
280 5.2971467528769240e+00 1.1180514951955625e+02 1.3861368967922585e-01 1.1108172630996104e-04 2.1432253517410311e-02
290 5.5119870047126458e+00 1.1107392136205878e+02 2.0289294690920331e-01 9.7498809465587692e-05 2.1525886547495803e-02
300 5.7277466551557721e+00 1.1036393159823662e+02 2.6052033269757108e-01 8.1851829787049063e-05 2.1616575277494977e-02
310 5.9443950193744985e+00 1.0968170327761376e+02 3.1702031499882016e-01 1.1406905214228483e-04 2.1703690994709639e-02
320 6.1618953556033365e+00 1.0902437915501203e+02 3.8146060735802817e-01 8.7539974712484489e-05 2.1787456582706415e-02
330 6.3802093343271205e+00 1.0837894143729342e+02 4.3133628025931980e-01 1.9026629706628254e-04 2.1866746794414343e-02
340 6.5992973290385235e+00 1.0781549663227069e+02 4.9364626933746869e-01 2.7993522827415786e-04 2.1942653122376622e-02
350 6.8191291410986592e+00 1.0724737495762430e+02 5.2648791447135923e-01 9.5902855989402601e-05 2.2016132350434099e-02
360 7.0396875021826251e+00 1.0669584623816833e+02 5.5811000075385375e-01 5.7730045081433484e-05 2.2088086200188466e-02
370 7.2609563797016570e+00 1.0615870951820565e+02 5.9595857818612907e-01 8.8266152644067699e-05 2.2158372312597228e-02
380 7.4829177978628865e+00 1.0564430279735461e+02 6.2278026752134408e-01 5.4150643152593609e-05 2.2226665902339116e-02
390 7.7055488875839444e+00 1.0514512819357293e+02 6.4228015977085950e-01 4.4001804551749293e-05 2.2292610070283218e-02
400 7.9288289300107380e+00 1.0466189637798703e+02 6.5386546698741022e-01 5.5188849908272694e-05 2.2356711423559425e-02
410 8.1527409085130973e+00 1.0419899625452850e+02 6.5918895451179793e-01 8.2924576162728562e-08 2.2419184922593510e-02
420 8.3772695319026962e+00 1.0375916555281056e+02 6.5752105233273650e-01 -2.9084104030683330e-04 2.2480212812008390e-02
430 8.6024020297450381e+00 1.0329890588803485e+02 6.5209033884982226e-01 -5.1880796009206586e-05 2.2540103490357597e-02
440 8.8281205910148000e+00 1.0285262830365733e+02 6.3684215965508117e-01 1.0508085460576624e-04 2.2597323451046921e-02
450 9.0543955047713620e+00 1.0244810613737205e+02 6.1707873348309128e-01 6.7821820014876422e-05 2.2651900801551345e-02
460 9.2812070132762940e+00 1.0205771644160943e+02 5.8683789135816489e-01 7.2172658956495502e-05 2.2704834978648898e-02
470 9.5085383220724857e+00 1.0167412088813751e+02 5.5808355327432801e-01 1.2086226271871718e-04 2.2756050350691816e-02
480 9.7363744224082325e+00 1.0130767167863424e+02 5.0760414769888040e-01 5.2015556001872102e-05 2.2806006038062841e-02
490 9.9647043903934094e+00 1.0095826710511572e+02 4.6501126902133805e-01 4.3013619729418285e-05 2.2854924376391719e-02
500 1.0193518062891018e+01 1.0061390483726052e+02 4.1476669800836091e-01 -1.8506890571301849e-05 2.2902839315496533e-02
510 1.0422804771706517e+01 1.0028873084298090e+02 3.5765485939434022e-01 3.3113773148706982e-05 2.2949651742800826e-02
520 1.0652554242493938e+01 9.9976359612897994e+01 2.9467658857607215e-01 8.3403838100386089e-05 2.2995513276946912e-02
530 1.0882756946914190e+01 9.9665193484000028e+01 2.2944281010523890e-01 -4.7091752897288067e-05 2.3040245200322822e-02
540 1.1113396564718910e+01 9.9360321778539301e+01 1.6330924415325859e-01 5.1931756196365821e-05 2.3083137045462040e-02
550 1.1344457649710453e+01 9.9075722427591202e+01 9.1766118461360485e-02 -5.0723938972701264e-05 2.3124719002665172e-02
560 1.1575928208925088e+01 9.8785845954196759e+01 1.8067772180082188e-02 2.2216827562908723e-05 2.3165173554360763e-02
570 1.1807798008792439e+01 9.8500685853939913e+01 -5.4133815217315910e-02 8.3887925820145067e-05 2.3204678281883308e-02
580 1.2040058428628505e+01 9.8214744606123006e+01 -1.2658889899401077e-01 2.6882447858685919e-04 2.3243428306411389e-02
590 1.2272703450877001e+01 9.7934124929428918e+01 -1.9379692804673726e-01 5.1727820437805192e-05 2.3281691378239728e-02
600 1.2505727263570423e+01 9.7685920179416684e+01 -2.5863395339740386e-01 6.9064286878138949e-05 2.3318831553481079e-02
610 1.2739104092257664e+01 9.7428608778727138e+01 -3.2031156441216441e-01 1.5046970553306326e-04 2.3352821450041084e-02
620 1.2972810802492338e+01 9.7182062679850091e+01 -3.8098285663669645e-01 4.8324748674444908e-05 2.3385078384880381e-02
630 1.3206834712242459e+01 9.6935978339144370e+01 -4.3100552601194003e-01 -7.7062605900029776e-05 2.3416411500039664e-02
640 1.3441166523705299e+01 9.6695723478483117e+01 -4.7220721962280432e-01 8.9256279303033095e-05 2.3446792717473072e-02
650 1.3675798422112011e+01 9.6462975380813504e+01 -5.1194586443419365e-01 2.3859374062745904e-04 2.3476516854376510e-02
660 1.3910724615564833e+01 9.6241043667191079e+01 -5.4941389223465598e-01 8.8109252293776141e-05 2.3505723350130691e-02
670 1.4145940411675920e+01 9.6026230917022104e+01 -5.7966640449618578e-01 -4.5125110840098512e-05 2.3534471314614547e-02
680 1.4381442665717959e+01 9.5818692785743167e+01 -6.0143527699646371e-01 4.1799442514552891e-05 2.3563133820525047e-02
690 1.4617231652451204e+01 9.5616110923361845e+01 -6.1686437862935994e-01 3.5482636756293929e-05 2.3591776662050295e-02
700 1.4853305997733507e+01 9.5418340263899935e+01 -6.2549587129673867e-01 2.6809624588573716e-05 2.3620199638537374e-02
710 1.5089662730346786e+01 9.5225533313676451e+01 -6.2767213227620233e-01 3.6365153963454746e-05 2.3648284133139158e-02
720 1.5326298265815897e+01 9.5039414415509327e+01 -6.2207470099933138e-01 8.5817881343731173e-05 2.3675985307489142e-02
730 1.5563208100222665e+01 9.4856528466003795e+01 -6.1282108312967898e-01 5.5498773178861338e-05 2.3703127478494027e-02
740 1.5800385273658300e+01 9.4677667006895632e+01 -5.9475174949401444e-01 -1.8766879867419683e-05 2.3729580478869462e-02
750 1.6037824731466852e+01 9.4512350004361878e+01 -5.6953569555347150e-01 1.0548150995241263e-04 2.3755646479037083e-02
760 1.6275523046328061e+01 9.4350309298611407e+01 -5.4078982018262090e-01 2.9811990662461298e-05 2.3781399794683918e-02
770 1.6513477642462075e+01 9.4177579177567921e+01 -5.0549112023168852e-01 4.4672065907256996e-05 2.3806923856026004e-02
780 1.6751686131139177e+01 9.4011872739973342e+01 -4.6615921612322558e-01 2.8399728321289760e-05 2.3832205966175149e-02
790 1.6990146385825625e+01 9.3866010022464479e+01 -4.1875968131642105e-01 -2.1779936756828410e-04 2.3857290455486301e-02
800 1.7228853514165223e+01 9.3711856479260192e+01 -3.6773247661917646e-01 8.9620410818815069e-05 2.3881526517088036e-02
810 1.7467797618502612e+01 9.3556010816201095e+01 -3.1002391192587370e-01 1.9848364981307759e-04 2.3904860721544109e-02
820 1.7706972413527716e+01 9.3404690619052047e+01 -2.4875369739515218e-01 5.8753678921466489e-05 2.3927757847158442e-02
830 1.7946372700272615e+01 9.3257088440948507e+01 -1.8454533058042999e-01 1.7832924347182497e-04 2.3949946666573272e-02
840 1.8185991498380549e+01 9.3113455457677645e+01 -1.1830237708542371e-01 2.4144023655403348e-05 2.3971593070069130e-02
850 1.8425825288364795e+01 9.2972620958580862e+01 -4.9876589326295059e-02 7.2967843062865349e-05 2.3992998723328957e-02
860 1.8665872345338791e+01 9.2833180260584768e+01 2.1250711388127633e-02 1.7186106400947529e-05 2.4014262336095552e-02
870 1.8906131468464672e+01 9.2697445731790808e+01 9.3956549141557336e-02 6.2340540052839121e-05 2.4035429155280619e-02
880 1.9146601598486523e+01 9.2564213612333077e+01 1.6762220744942519e-01 5.9660057406224388e-05 2.4056467465279147e-02
890 1.9387280948349506e+01 9.2433183431225515e+01 2.4233016764736653e-01 5.6562124263997975e-05 2.4077284429241678e-02
900 1.9628165892311738e+01 9.2305498367752321e+01 3.1536214779549004e-01 4.9781528933801892e-05 2.4097278722046457e-02
910 1.9869233736763256e+01 9.2180783474242006e+01 3.8605741361392443e-01 4.4537050097760742e-05 2.4114207539944390e-02
920 2.0110461372291159e+01 9.2055165793452119e+01 4.5525281150986957e-01 1.5356615733466965e-04 2.4129632281958725e-02
930 2.0351839171728496e+01 9.1930342835268206e+01 5.1884971991053719e-01 -5.2767009913005948e-05 2.4144377547998766e-02
940 2.0593362528837794e+01 9.1808762756570587e+01 5.7538360336435390e-01 -2.0172806371001401e-05 2.4158821475368752e-02
950 2.0835029827011223e+01 9.1688643178034738e+01 6.2833841299143722e-01 8.2312245005470035e-05 2.4173201107475964e-02
960 2.1076841091406109e+01 9.1571107770115901e+01 6.7520768984558366e-01 5.4719171854728462e-05 2.4187620955844175e-02
970 2.1318797010714693e+01 9.1456801308078653e+01 7.1464847002546850e-01 5.2056798515011691e-08 2.4202128632765538e-02
980 2.1560898711941146e+01 9.1345273237121106e+01 7.4685787990399133e-01 4.6510171509337826e-05 2.4216769964055480e-02
990 2.1803147518393569e+01 9.1234924109486755e+01 7.7193206524936187e-01 -2.3411761225862766e-04 2.4231543205929396e-02
1000 2.2045545016466082e+01 9.1128532304385999e+01 7.8994826974839838e-01 -1.4261086078349646e-05 2.4246489628403155e-02
1010 2.2288092930125337e+01 9.1023655195924192e+01 8.0023502758917631e-01 -7.2018337858741866e-05 2.4261609333220843e-02
1020 2.2530793007892910e+01 9.0920381068035198e+01 8.0337027974072095e-01 -6.0259315293327376e-05 2.4276906819970332e-02
1030 2.2773646984082546e+01 9.0820484407836361e+01 7.9947349091200970e-01 -8.4579750238913425e-05 2.4292370082927759e-02
1040 2.3016656716804352e+01 9.0720908663894718e+01 7.8816558424465910e-01 -2.3639642297901693e-04 2.4308048622449941e-02
1050 2.3259824353740317e+01 9.0622649532192213e+01 7.6944431161059990e-01 -3.6694252104932353e-05 2.4323912018019245e-02
1060 2.3503151454297718e+01 9.0525560785097625e+01 7.4175265157938619e-01 -1.3071354380386689e-04 2.4339943458409976e-02
1070 2.3746640222126167e+01 9.0429914195298025e+01 7.0563523719044496e-01 -1.5058145794900240e-04 2.4356225128151384e-02
1080 2.3990292837815176e+01 9.0335457734737446e+01 6.6448223255067629e-01 -8.3691083565433092e-06 2.4372671096448577e-02
1090 2.4234111159379133e+01 9.0240828358791646e+01 6.1409598211758476e-01 -2.4538614963926484e-04 2.4389367357464258e-02
1100 2.4478096947268853e+01 9.0147467867713061e+01 5.5813418571665685e-01 -7.0792412357881737e-05 2.4406028391032598e-02
1110 2.4722247222292804e+01 9.0055528691402614e+01 4.9667689122264602e-01 -1.6151817638383260e-04 2.4422399106621018e-02
1120 2.4966561650299646e+01 8.9970145505210226e+01 4.3102397525938019e-01 -1.6824631547557648e-04 2.4438811105572587e-02
1130 2.5211036054723902e+01 8.9887851526995888e+01 3.6026044993746098e-01 -1.8929665148018470e-04 2.4454373439457996e-02
1140 2.5455662246922135e+01 8.9808011922634478e+01 2.8334238804802170e-01 -2.9667614734525379e-04 2.4469301468974386e-02
1150 2.5700435529139181e+01 8.9724385180011794e+01 2.0137125950056142e-01 -1.5185381213807898e-04 2.4483845192409221e-02
1160 2.5945352874505435e+01 8.9641147957440339e+01 1.1536188590491246e-01 -2.0451811065118469e-04 2.4498175151417775e-02
1170 2.6190413094821089e+01 8.9560039949100670e+01 2.7156146052159505e-02 -2.3045936703380981e-04 2.4512400918917300e-02
1180 2.6435613881570180e+01 8.9480548533759801e+01 -6.3229147083606385e-02 -2.1000610598707333e-04 2.4526335077708558e-02
1190 2.6680953465155014e+01 8.9402100851057028e+01 -1.5417842082885577e-01 -5.5801133994331955e-04 2.4540193882754063e-02
1200 2.6926431689741200e+01 8.9324579604789164e+01 -2.4379038231131783e-01 -3.4601545942901173e-04 2.4554071455223418e-02
1210 2.7172038168034980e+01 8.9251667987877795e+01 -3.3134695101237421e-01 -3.2894850545271009e-04 2.4565295150372351e-02
1220 2.7417736697695219e+01 8.9178693903639981e+01 -4.1683848760721437e-01 -1.9035956322306598e-04 2.4573304999909847e-02
1230 2.7663507935795629e+01 8.9107713407064040e+01 -4.9924177014623916e-01 -4.5645810183351663e-04 2.4580152640713646e-02
1240 2.7909345232687603e+01 8.9035782465205244e+01 -5.7706833668819224e-01 -3.3970835200978664e-04 2.4586635094969753e-02
1250 2.8155246921726803e+01 8.8965387974535346e+01 -6.4895474298755440e-01 -3.6268748739634420e-04 2.4593067339251252e-02
1260 2.8401213521377446e+01 8.8895565734324748e+01 -7.1478242098955636e-01 -4.6581827864762321e-04 2.4599623105046067e-02
1270 2.8647246592425756e+01 8.8828104331887644e+01 -7.7430716599557414e-01 -4.4782609788041413e-04 2.4606346102520184e-02
1280 2.8893347881087767e+01 8.8760562561659683e+01 -8.2715747805757556e-01 -4.0106545676170732e-04 2.4613261424878147e-02
1290 2.9139519740590380e+01 8.8694135760279522e+01 -8.7231877348276066e-01 -4.6580845444174027e-04 2.4620438888166781e-02
1300 2.9385765007701448e+01 8.8629161370382278e+01 -9.0873248850059429e-01 -4.6219389046456879e-04 2.4627920779638244e-02
1310 2.9632087002463365e+01 8.8564873748844349e+01 -9.3687097513784923e-01 -5.3599133187599477e-04 2.4635760036606672e-02
1320 2.9878489505998424e+01 8.8501167164591749e+01 -9.5513123164206759e-01 -4.4053079154173587e-04 2.4643979594808418e-02
1330 3.0124976386239116e+01 8.8438487296163558e+01 -9.6390911354703435e-01 -4.2630476018550408e-04 2.4652605158289199e-02
1340 3.0371551974090909e+01 8.8376501514376031e+01 -9.6313334336554501e-01 -5.5055283355690823e-04 2.4661680629684973e-02
1350 3.0618220861598417e+01 8.8315841606202454e+01 -9.5261221051904532e-01 -5.4966090158049558e-04 2.4671219325570273e-02
1360 3.0864987710878424e+01 8.8255934715450650e+01 -9.3190955381011287e-01 -5.7256633064647054e-04 2.4681228603394344e-02
1370 3.1111857294983828e+01 8.8196550604778338e+01 -9.0099219305357603e-01 -6.1850289286689841e-04 2.4691719552715173e-02
1380 3.1358834448680195e+01 8.8138131897019122e+01 -8.6098506303782796e-01 -6.2932871508949658e-04 2.4702691850733684e-02
1390 3.1605923671709022e+01 8.8080202366195550e+01 -8.1136390772933120e-01 -6.8303427228528959e-04 2.4714081485844919e-02
1400 3.1853129181684714e+01 8.8022022511017681e+01 -7.5131675104152063e-01 -6.0968834961351202e-04 2.4725927525933368e-02
1410 3.2100456009550896e+01 8.7966039331752000e+01 -6.8342711637843101e-01 -6.6418830586765728e-04 2.4738226665932627e-02
1420 3.2347904448820088e+01 8.7911709536716756e+01 -6.0722201418303301e-01 -7.3802649595524185e-04 2.4750222272650415e-02
1430 3.2595472230522049e+01 8.7856797250928949e+01 -5.2377439345949472e-01 -7.2987972268150081e-04 2.4762155133642192e-02
1440 3.2843156679359033e+01 8.7804025665092055e+01 -4.3379985326136611e-01 -7.6549692750042992e-04 2.4773431708069719e-02
1450 3.3090949884115417e+01 8.7752339510698732e+01 -3.3678416855514581e-01 -8.0039620575011159e-04 2.4784096884478725e-02
1460 3.3338848862363584e+01 8.7701027261622045e+01 -2.3411175718899446e-01 -8.0027129246122708e-04 2.4794647189922647e-02
1470 3.3586853729580291e+01 8.7650163005629068e+01 -1.2637395327832052e-01 -8.8601556197201795e-04 2.4805285469471448e-02
1480 3.3834965840370870e+01 8.7600023283651097e+01 -1.4374210967786476e-02 -8.4875257836473342e-04 2.4816086519875193e-02
1490 3.4083186969642270e+01 8.7552787884398484e+01 9.9609011124253757e-02 -1.0514019395288226e-03 2.4827071168616637e-02
1500 3.4331518949649208e+01 8.7504107007405906e+01 2.1419618205488919e-01 -1.2137387490510113e-03 2.4838237154237452e-02
1510 3.4579960377804966e+01 8.7458738632198632e+01 3.2933990498159188e-01 -1.1596012602009792e-03 2.4848252756088544e-02
1520 3.4828471218278473e+01 8.7415860828592457e+01 4.4415590151778800e-01 -1.0072877291224011e-03 2.4852801856200930e-02
1530 3.5077011104429573e+01 8.7371561758950875e+01 5.5775510749159918e-01 -1.1789352669804817e-03 2.4854735556858770e-02
1540 3.5325564267823701e+01 8.7326687651195073e+01 6.6727203084760445e-01 -1.1184119085482301e-03 2.4855711960603315e-02
1550 3.5574125281539551e+01 8.7283904623310562e+01 7.7318779286675199e-01 -1.1908787215759178e-03 2.4856408694280248e-02
1560 3.5822693081904028e+01 8.7240092969662314e+01 8.7262956050353913e-01 -1.3002526099507746e-03 2.4857102760675657e-02
1570 3.6071268739194899e+01 8.7196445458592422e+01 9.6499545363228056e-01 -1.2215971404587790e-03 2.4857977893707632e-02
1580 3.6319854477259653e+01 8.7154406014090014e+01 1.0493244468400038e+00 -1.3690005784756925e-03 2.4859105950604990e-02
1590 3.6568453338782469e+01 8.7112687843694260e+01 1.1249998760140525e+00 -1.2523951867744667e-03 2.4860582798413505e-02
1600 3.6817069201009311e+01 8.7071535477720971e+01 1.1906448313649776e+00 -1.4518729808967448e-03 2.4862474121379593e-02
1610 3.7065706553905116e+01 8.7030777843250377e+01 1.2456480384139377e+00 -1.5426567433655079e-03 2.4864843301615161e-02
1620 3.7314370490295126e+01 8.6991001860431027e+01 1.2894119369232830e+00 -1.5456119199016261e-03 2.4867744652724354e-02
1630 3.7563066532344536e+01 8.6951566639289084e+01 1.3208287195855697e+00 -1.5798295845618811e-03 2.4871216173546165e-02
1640 3.7811800606106381e+01 8.6913148546385798e+01 1.3400398225119365e+00 -1.7337392008920413e-03 2.4875290870414929e-02
1650 3.8060578839057250e+01 8.6875369214008316e+01 1.3475941272422529e+00 -1.7960945430188489e-03 2.4879992467493291e-02
1660 3.8309407694102838e+01 8.6838363985220639e+01 1.3424349444761614e+00 -1.8449344045026125e-03 2.4885353037548859e-02
1670 3.8558293845653061e+01 8.6802058555648557e+01 1.3247512000087671e+00 -1.9167185679496157e-03 2.4891386752502177e-02
1680 3.8807244152490121e+01 8.6766588764076332e+01 1.2941767338690426e+00 -1.9913356575385135e-03 2.4898117390853208e-02
1690 3.9056265634652135e+01 8.6731225870561403e+01 1.2502103263941169e+00 -2.0287392767738173e-03 2.4905552784252077e-02
1700 3.9305365359131009e+01 8.6697122746396715e+01 1.1929168373089420e+00 -2.1275145925444042e-03 2.4913695060062652e-02
1710 3.9554550376400478e+01 8.6662886323045356e+01 1.1232379717670320e+00 -2.1659037994083800e-03 2.4922536129764042e-02
1720 3.9803827535372371e+01 8.6629735892217781e+01 1.0410465742507307e+00 -2.2172461677922128e-03 2.4932055778403683e-02
1730 4.0053203579409271e+01 8.6596375125973424e+01 9.4677923362011007e-01 -2.3246951458268856e-03 2.4942242336731337e-02
1740 4.0302685055698895e+01 8.6563616429691109e+01 8.4163787035342086e-01 -2.2520884267978793e-03 2.4953070720373116e-02
1750 4.0552278263417016e+01 8.6530778657292416e+01 7.2555596639340247e-01 -2.3961802069846928e-03 2.4964534685346963e-02
1760 4.0801988597326392e+01 8.6499020872615915e+01 6.0010032355858844e-01 -2.4436640805899101e-03 2.4976257097870758e-02
1770 4.1051810404887867e+01 8.6469241955483184e+01 4.6589712147210982e-01 -2.6014152721167269e-03 2.4986803209779699e-02
1780 4.1301732071728182e+01 8.6440866879993763e+01 3.2461929686131569e-01 -2.7348650556555400e-03 2.4996507420491011e-02
1790 4.1551750095668623e+01 8.6410380608143200e+01 1.7919399083227683e-01 -2.8413992971659707e-03 2.5006160976420191e-02
1800 4.1801866009373654e+01 8.6380624576711398e+01 2.6988413833924255e-02 -2.9383663930837526e-03 2.5016051769633750e-02
1810 4.2052080484531068e+01 8.6353318172775872e+01 -1.2848643017619660e-01 -3.0366125313029927e-03 2.5025857195081210e-02
1820 4.2302383766383642e+01 8.6330544103317720e+01 -2.8580467775262131e-01 -3.1013876124876875e-03 2.5032634770160735e-02
1830 4.2552701307139834e+01 8.6309430109294098e+01 -4.4471047943903164e-01 -3.4255203639551078e-03 2.5029550510136157e-02
1840 4.2802965296325567e+01 8.6285035207748166e+01 -6.0273522763515153e-01 -3.3699279526711976e-03 2.5023817099535300e-02
1850 4.3053172221693849e+01 8.6260671102433975e+01 -7.5795983982107573e-01 -3.5043919441589198e-03 2.5018131503617078e-02
1860 4.3303322431007935e+01 8.6235849032705815e+01 -9.0899212924736006e-01 -3.6050965573950671e-03 2.5012498171229164e-02
1870 4.3553417406270519e+01 8.6210960878490440e+01 -1.0539525920484480e+00 -3.7678180042746328e-03 2.5007087048632432e-02
1880 4.3803459677996592e+01 8.6186633367692636e+01 -1.1910364327553222e+00 -3.7900005722698270e-03 2.5001981694372389e-02
1890 4.4053454007007552e+01 8.6164008264687737e+01 -1.3206523427600869e+00 -4.0294262995301715e-03 2.4997412758343392e-02
1900 4.4303405126273880e+01 8.6142089367243585e+01 -1.4401435566776357e+00 -4.1534469063259248e-03 2.4993300917652700e-02
1910 4.4553318251891199e+01 8.6120389566334154e+01 -1.5487065008693666e+00 -4.3268815103586393e-03 2.4989818738963880e-02
1920 4.4803200730849376e+01 8.6099447630951630e+01 -1.6447059569632760e+00 -4.4262220399228685e-03 2.4987054940948369e-02
1930 4.5053059321257784e+01 8.6079089025256081e+01 -1.7269332391887311e+00 -4.5308944382094242e-03 2.4984982227476367e-02
1940 4.5302901124311475e+01 8.6060351607769874e+01 -1.7958276329444818e+00 -4.5992966438809782e-03 2.4983620420850380e-02
1950 4.5552733133869459e+01 8.6042557760458863e+01 -1.8491530804503500e+00 -4.7694764164262172e-03 2.4982986877545660e-02
1960 4.5802562928437304e+01 8.6025269647104835e+01 -1.8859198628097176e+00 -4.9152161502152266e-03 2.4983024040374804e-02
1970 4.6052395292555936e+01 8.6009322643709311e+01 -1.9071489998357962e+00 -5.0648965906668012e-03 2.4983473707770508e-02
1980 4.6302235278188299e+01 8.5993834444424891e+01 -1.9092273764247363e+00 -5.2984428404252012e-03 2.4984545345156615e-02
1990 4.6552090652420397e+01 8.5978872691403794e+01 -1.8918606598752459e+00 -5.5511236212365993e-03 2.4986491716539331e-02
2000 4.6801970896619260e+01 8.5964038478886906e+01 -1.8555343408699034e+00 -5.7225729739843493e-03 2.4989435816498737e-02
2010 4.7051886448736582e+01 8.5950342088033835e+01 -1.7993474660329842e+00 -5.9486053117996061e-03 2.4993454357038467e-02
2020 4.7301848248472659e+01 8.5937754982888166e+01 -1.7238374300657195e+00 -6.0649707385236453e-03 2.4998575578980168e-02
2030 4.7551867356569829e+01 8.5925374261307738e+01 -1.6293814027098392e+00 -6.1998009598291095e-03 2.5004803171744625e-02
2040 4.7801954594917383e+01 8.5913659051558369e+01 -1.5165602242592919e+00 -6.4896575124092845e-03 2.5012088054618572e-02
2050 4.8052120367687081e+01 8.5902544517822776e+01 -1.3858409586872069e+00 -6.6508159080854853e-03 2.5020404450985089e-02
2060 4.8302374542134118e+01 8.5891302956413242e+01 -1.2375717238150634e+00 -6.9097901726879679e-03 2.5029648535239125e-02
2070 4.8552725789382919e+01 8.5880427344709460e+01 -1.0743060616528031e+00 -7.2062439220849529e-03 2.5039714475328923e-02
2080 4.8803181615486430e+01 8.5870348544362187e+01 -8.9500603064354811e-01 -7.3939300480941900e-03 2.5050483852737136e-02
2090 4.9053749207910968e+01 8.5862008572551389e+01 -7.0244329891865354e-01 -7.6026752061617055e-03 2.5062014991412425e-02
2100 4.9304436580072107e+01 8.5853654591453619e+01 -4.9854804158702459e-01 -7.8507824072540401e-03 2.5074347068008779e-02
2110 4.9555250962856789e+01 8.5845542246548362e+01 -2.8472851959952311e-01 -8.0586556028283962e-03 2.5087320800440016e-02
2120 4.9806197972909075e+01 8.5841785385796555e+01 -6.2804159185827824e-02 -8.2861238237466588e-03 2.5100803908372271e-02
2130 5.0057278780353954e+01 8.5840255557566806e+01 1.6483908822300367e-01 -8.6484345763409645e-03 2.5113076865188908e-02
2140 5.0308393742254253e+01 8.5846480342383600e+01 3.9532279417009636e-01 -8.9361583590791497e-03 2.5106354146212009e-02
2150 5.0559379398334201e+01 8.5845055650569222e+01 6.2621194743749031e-01 -9.1489326061168011e-03 2.5092199859298194e-02
2160 5.0810224236317843e+01 8.5842861553618050e+01 8.5815422401843389e-01 -9.3786397622634358e-03 2.5078190559307878e-02
2170 5.1060928490289250e+01 8.5841500338889148e+01 1.0869431435357499e+00 -9.6506371211894197e-03 2.5064056202320991e-02
2180 5.1311492414817096e+01 8.5842035829971849e+01 1.3086653365138703e+00 -9.6714807771671324e-03 2.5050255324405687e-02
2190 5.1561922245155380e+01 8.5837027443643663e+01 1.5251744297173155e+00 -1.0613877300731132e-02 2.5037146551498520e-02
2200 5.1812224554739906e+01 8.5838306100333938e+01 1.7305741218462283e+00 -1.0773782827620232e-02 2.5024662114915375e-02
2210 5.2062405224047623e+01 8.5840248010023927e+01 1.9242225560825637e+00 -1.0883299722012877e-02 2.5012737067907600e-02
2220 5.2312469792094731e+01 8.5843180097114285e+01 2.1037740018851334e+00 -1.1318388161279070e-02 2.5001443973762347e-02
2230 5.2562426660971170e+01 8.5846368127374262e+01 2.2676020312373755e+00 -1.1606591428663989e-02 2.4991044216442757e-02
2240 5.2812283103946136e+01 8.5851301712714246e+01 2.4131857489055775e+00 -1.1930937710769928e-02 2.4981359994464162e-02
2250 5.3062047758731609e+01 8.5856525654431167e+01 2.5385955438002084e+00 -1.2339186135096252e-02 2.4972606512023779e-02
2260 5.3311730948227293e+01 8.5863006981530148e+01 2.6431953183685040e+00 -1.2752922552175569e-02 2.4964978474337419e-02
2270 5.3561344188291606e+01 8.5870749030416491e+01 2.7248662121855851e+00 -1.3200765202356027e-02 2.4958517541510176e-02
2280 5.3810899604684039e+01 8.5876797941113296e+01 2.7830814932271113e+00 -1.3824153083646094e-02 2.4953307470845180e-02
2290 5.4060410432736298e+01 8.5885746292032636e+01 2.8176825256906071e+00 -1.4140443336681118e-02 2.4949456193718252e-02
2300 5.4309891597013319e+01 8.5896539722550315e+01 2.8276065112580913e+00 -1.4439986531430887e-02 2.4947236058408800e-02
2310 5.4559358624520684e+01 8.5908164630732088e+01 2.8098880811825659e+00 -1.4887382024355151e-02 2.4946412907407678e-02
2320 5.4808822600441175e+01 8.5921356155922467e+01 2.7646656970948396e+00 -1.5192666813336182e-02 2.4946474970336644e-02
2330 5.5058291234662356e+01 8.5935751637438472e+01 2.6917754932669955e+00 -1.5670898737888302e-02 2.4947340591943385e-02
2340 5.5307774976695235e+01 8.5950978669833788e+01 2.5894783189865378e+00 -1.6011682748921549e-02 2.4949420408328652e-02
2350 5.5557287229875321e+01 8.5967484604669608e+01 2.4579973839058051e+00 -1.6498307646962980e-02 2.4952921601269717e-02
2360 5.5806842533931949e+01 8.5984418751025231e+01 2.3001021266062436e+00 -1.6986558373278466e-02 2.4957883011324188e-02
2370 5.6056455515982805e+01 8.6000454922340097e+01 2.1156170639017069e+00 -1.7411942743928203e-02 2.4964314063076986e-02
2380 5.6306140732893454e+01 8.6018948389722127e+01 1.9022628665714401e+00 -1.7901050706234978e-02 2.4972166095547435e-02
2390 5.6555911916637974e+01 8.6036611586876163e+01 1.6636830773102116e+00 -1.8291303837533288e-02 2.4981374650851203e-02
2400 5.6805782457742339e+01 8.6058754472729987e+01 1.4029551069818820e+00 -1.8551165662733671e-02 2.4991881966162147e-02
2410 5.7055764947205631e+01 8.6079067200084893e+01 1.1230823674279891e+00 -1.8947056784298175e-02 2.5003647867873714e-02
2420 5.7305871849216402e+01 8.6101133679629456e+01 8.2467913555389305e-01 -1.9598308921766887e-02 2.5016619552046811e-02
2430 5.7556113839417968e+01 8.6125534033614372e+01 5.1065246567601497e-01 -1.9775225718366613e-02 2.5030517582893486e-02
2440 5.7806498326052775e+01 8.6150224223029738e+01 1.8465288332976898e-01 -2.0291508707787398e-02 2.5045012541100583e-02
2450 5.8056999931836927e+01 8.6189638238089969e+01 -1.4857389888277606e-01 -2.0951955110962980e-02 2.5048024699504623e-02
2460 5.8307343719534458e+01 8.6223204115521412e+01 -4.9111611745142725e-01 -2.1299340340753956e-02 2.5023215133909562e-02
2470 5.8557439252979499e+01 8.6247454446593480e+01 -8.3605082517059415e-01 -2.1870460885937439e-02 2.4998440452408576e-02
2480 5.8807288078007510e+01 8.6276194632547586e+01 -1.1820896148072879e+00 -2.2327925395180286e-02 2.4973767814359504e-02
2490 5.9056891282898363e+01 8.6307422200597344e+01 -1.5220071060019420e+00 -2.3002617578023150e-02 2.4949356789957005e-02
2500 5.9306252241188325e+01 8.6337864409730784e+01 -1.8548297504754767e+00 -2.3391151756653784e-02 2.4925331154197306e-02
2510 5.9555375734906534e+01 8.6368969413716272e+01 -2.1780153308080932e+00 -2.4470187811540162e-02 2.4901620529147517e-02
2520 5.9804266864612202e+01 8.6405534337139713e+01 -2.4848675557185897e+00 -2.5235157127617584e-02 2.4879003612366540e-02
2530 6.0052936419238570e+01 8.6439702872825038e+01 -2.7729382092174868e+00 -2.5533531788520906e-02 2.4857134262040774e-02
2540 6.0301395214421049e+01 8.6474513758677404e+01 -3.0394418537840897e+00 -2.5904324216850655e-02 2.4836876873247302e-02
2550 6.0549658610121995e+01 8.6512638248315213e+01 -3.2817070379817319e+00 -2.6371334549957274e-02 2.4817918152584058e-02
2560 6.0797740350101108e+01 8.6552547149550193e+01 -3.4961120466349080e+00 -2.6832484895148296e-02 2.4800441806576534e-02
2570 6.1045656285379195e+01 8.6594362034141326e+01 -3.6818242462196542e+00 -2.7436854343931324e-02 2.4784617290729023e-02
2580 6.1293423185627042e+01 8.6639049817706137e+01 -3.8319460162033718e+00 -2.8081163119169462e-02 2.4770458555225590e-02
2590 6.1541058581911400e+01 8.6681998251007272e+01 -3.9457389557472746e+00 -2.8501700119051787e-02 2.4758238538020158e-02
2600 6.1788584307125490e+01 8.6727357892610954e+01 -4.0204195006303278e+00 -2.9189925297335995e-02 2.4748156103082480e-02
2610 6.2036019899980374e+01 8.6773053510845955e+01 -4.0560049515079415e+00 -2.9973338026095843e-02 2.4740142537198348e-02
2620 6.2283387999234577e+01 8.6820954033561051e+01 -4.0512602704207241e+00 -3.0392197771175973e-02 2.4734438662377053e-02
2630 6.2530712228621262e+01 8.6865874387424725e+01 -4.0036425616285074e+00 -3.0923943861537712e-02 2.4731135212858621e-02
2640 6.2778016588471594e+01 8.6911560187657869e+01 -3.9149071760116998e+00 -3.1275439562040333e-02 2.4730065397277044e-02
2650 6.3025318265894548e+01 8.6957494308769526e+01 -3.7825397941088195e+00 -3.1767867353550160e-02 2.4730411548243455e-02
2660 6.3272631170035581e+01 8.7005289261322204e+01 -3.6053051391420912e+00 -3.2197186044785074e-02 2.4732289498196440e-02
2670 6.3519973619421791e+01 8.7052911926225477e+01 -3.3875716321866154e+00 -3.2753888353248356e-02 2.4736169927677479e-02
2680 6.3767367082670830e+01 8.7099782969723961e+01 -3.1283377748819734e+00 -3.3140318166157250e-02 2.4742279440594702e-02
2690 6.4014833819318383e+01 8.7146590222318565e+01 -2.8297148527579159e+00 -3.3657217353720945e-02 2.4750586855333455e-02
2700 6.4262395469602865e+01 8.7197034951017031e+01 -2.4950836117087873e+00 -3.4095808279390329e-02 2.4761049656906144e-02
2710 6.4510073051922689e+01 8.7246406361562265e+01 -2.1261975628249576e+00 -3.4418193088827979e-02 2.4773537577727468e-02
2720 6.4757885751047311e+01 8.7294679613693816e+01 -1.7229989662586105e+00 -3.4740639590878836e-02 2.4787850600047796e-02
2730 6.5005850468288457e+01 8.7346160988501282e+01 -1.2907070024172536e+00 -3.5471756067390475e-02 2.4803746178557833e-02
2740 6.5253981862671168e+01 8.7394132588890940e+01 -8.3331805113287527e-01 -3.5712405270875894e-02 2.4821030599101294e-02
2750 6.5502293032533601e+01 8.7449746866989557e+01 -3.5744751737080493e-01 -3.6207615324674230e-02 2.4839533780951037e-02
2760 6.5750698867888545e+01 8.7529546728335859e+01 1.3155339949458691e-01 -3.6804037690964672e-02 2.4830082866928498e-02
2770 6.5998798958993973e+01 8.7591153169927082e+01 6.3228065228727315e-01 -3.6940806839164217e-02 2.4793578036161654e-02
2780 6.6246534333075573e+01 8.7643802439339325e+01 1.1401450677850824e+00 -3.7455537179672753e-02 2.4757360570621913e-02
2790 6.6493911401578430e+01 8.7701321737057171e+01 1.6472979240781449e+00 -3.8153062632221187e-02 2.4721724251474536e-02
2800 6.6740934588932234e+01 8.7759702744400315e+01 2.1448291461242599e+00 -3.9341416697265992e-02 2.4686465023265623e-02
2810 6.6987606219284899e+01 8.7815341143618241e+01 2.6300194386572495e+00 -3.9582503718368300e-02 2.4651295932998814e-02
2820 6.7233931381340639e+01 8.7880752235161907e+01 3.0984922143351539e+00 -4.0575287056993467e-02 2.4617472889617558e-02
2830 6.7479927867467097e+01 8.7941942459380570e+01 3.5426655243975613e+00 -4.0329033773579971e-02 2.4585298532928804e-02
2840 6.7725612312758869e+01 8.8004302722025770e+01 3.9576903236758594e+00 -4.0856792909813006e-02 2.4554932651946290e-02
2850 6.7971004532655527e+01 8.8069254037370186e+01 4.3431095754099722e+00 -4.1277575289310114e-02 2.4526686091727600e-02
2860 6.8216126748177018e+01 8.8133326979034464e+01 4.6877904134113484e+00 -4.1386406326509598e-02 2.4500861899109907e-02
2870 6.8461005819295451e+01 8.8199639103734128e+01 4.9905099617311750e+00 -4.1822632484549871e-02 2.4477727502255187e-02
2880 6.8705669455487751e+01 8.8269240591003211e+01 5.2463688231818830e+00 -4.2215308667465409e-02 2.4457520937649784e-02
2890 6.8950148154878306e+01 8.8338132369559446e+01 5.4515411491046484e+00 -4.2815658200375875e-02 2.4440441142641340e-02
2900 6.9194473823170014e+01 8.8411632630260300e+01 5.6010377451738114e+00 -4.3133489278323438e-02 2.4426643062962026e-02
2910 6.9438680268471160e+01 8.8481798492275985e+01 5.6934024479864247e+00 -4.3475714274295363e-02 2.4416257459716942e-02
2920 6.9682802117277944e+01 8.8550494105032982e+01 5.7256958073116140e+00 -4.3512394384139196e-02 2.4409373320914043e-02
2930 6.9926876144019360e+01 8.8620520239097502e+01 5.6963452201779665e+00 -4.3900171012046907e-02 2.4406205236841023e-02
2940 7.0170935169100630e+01 8.8689970581809760e+01 5.6040434600588425e+00 -4.4145651403012798e-02 2.4405933902395448e-02
2950 7.0415000643733691e+01 8.8762686203449832e+01 5.4487153418386711e+00 -4.4354425918048897e-02 2.4407360638320059e-02
2960 7.0659093422781226e+01 8.8829923597415544e+01 5.2294254322635245e+00 -4.4680600518958918e-02 2.4411279960226025e-02
2970 7.0903241796302154e+01 8.8891813970853988e+01 4.9516574173060848e+00 -4.4889175493715475e-02 2.4418224018595901e-02
2980 7.1147477709128736e+01 8.8955278134040569e+01 4.6099876920925817e+00 -4.5105652569678925e-02 2.4428479217320040e-02
2990 7.1391834186363809e+01 8.9017844049627627e+01 4.2128056119572106e+00 -4.5113799139620395e-02 2.4441992090871337e-02
3000 7.1636342835892023e+01 8.9087340483362581e+01 3.7580496076138781e+00 -4.5214574564147542e-02 2.4458563795676971e-02
3010 7.1881031737678967e+01 8.9146364820734306e+01 3.2530713697201836e+00 -4.5380707391647103e-02 2.4477687334795835e-02
3020 7.2125924330108973e+01 8.9207142259086979e+01 2.7007516149704260e+00 -4.5550792673633517e-02 2.4499050567136534e-02
3030 7.2371041707261710e+01 8.9269804243371595e+01 2.1055675652141184e+00 -4.5707636261260433e-02 2.4522367571076505e-02
3040 7.2616400349063866e+01 8.9328898676545819e+01 1.4737585557057886e+00 -4.6881085767184194e-02 2.4547106323162309e-02
3050 7.2862012885599313e+01 8.9391388127142307e+01 8.1097190595728974e-01 -4.6281698333575393e-02 2.4572526332679548e-02
3060 7.3107658836130582e+01 8.9496073808601807e+01 1.2742999675571653e-01 -4.6242680740259896e-02 2.4546163684514056e-02
3070 7.3352863464287850e+01 8.9563207288019839e+01 -5.6854130258070446e-01 -4.6694407302975631e-02 2.4499509297565922e-02
3080 7.3597605610596958e+01 8.9628236023856445e+01 -1.2738811173309588e+00 -4.6876625021059388e-02 2.4453637211618542e-02
3090 7.3841892963177315e+01 8.9695884661690400e+01 -1.9770663905929964e+00 -4.7280273817558650e-02 2.4408506436900221e-02
3100 7.4085735558967670e+01 8.9759411761627163e+01 -2.6681639043607484e+00 -4.7731801930935319e-02 2.4364652489436645e-02
3110 7.4329145364528060e+01 8.9824932619663997e+01 -3.3386870759194118e+00 -4.8542627966917433e-02 2.4322158747218291e-02
3120 7.4572145179018619e+01 8.9893677114568362e+01 -3.9827896316884095e+00 -4.8738872262889921e-02 2.4282221368793135e-02
3130 7.4814758610318663e+01 8.9962527271874606e+01 -4.5934448396395622e+00 -4.8991867789586606e-02 2.4244685108905348e-02
3140 7.5057012865071286e+01 9.0033335226929964e+01 -5.1622983701236986e+00 -4.9736164436378023e-02 2.4210119918705544e-02
3150 7.5298938321133377e+01 9.0104774108386167e+01 -5.6824356715010502e+00 -4.9363748748531715e-02 2.4178734136680299e-02
3160 7.5540570397270969e+01 9.0180279270446547e+01 -6.1461560316817350e+00 -4.9304572674637379e-02 2.4151054356140855e-02
3170 7.5781947595156524e+01 9.0255757555248408e+01 -6.5467830291379743e+00 -4.9585695776904110e-02 2.4127438206767448e-02
3180 7.6023111462283950e+01 9.0334459930059623e+01 -6.8812961780090083e+00 -4.9761554124578652e-02 2.4108064815332533e-02
3190 7.6264105212884104e+01 9.0412742712192980e+01 -7.1426369424015510e+00 -4.9817955898815658e-02 2.4092963841771339e-02
3200 7.6504973448710658e+01 9.0492839056116665e+01 -7.3254208538960857e+00 -4.9800404006927056e-02 2.4082488163721324e-02
3210 7.6745761752135479e+01 9.0570177988619534e+01 -7.4264602093844863e+00 -4.9762078612389245e-02 2.4076515010282701e-02
3220 7.6986515129757464e+01 9.0647419404887302e+01 -7.4455409397936867e+00 -4.9750521194578144e-02 2.4075001963332954e-02
3230 7.7227268681021442e+01 9.0724291079279169e+01 -7.3772506748353974e+00 -4.9766808357312474e-02 2.4075970147111471e-02
3240 7.7468047405092733e+01 9.0795389360058394e+01 -7.2220185582624037e+00 -4.9686153685585405e-02 2.4080007525220375e-02
3250 7.7708887671295599e+01 9.0862461739411970e+01 -6.9830436472708657e+00 -4.9627582986533955e-02 2.4087902449828960e-02
3260 7.7949828609165905e+01 9.0926235114493764e+01 -6.6612935218096769e+00 -4.9357111635992219e-02 2.4099758407726924e-02
3270 7.8190910104619761e+01 9.0989840483123189e+01 -6.2501499724681482e+00 -4.9423218898080226e-02 2.4115621773842532e-02
3280 7.8432172659685875e+01 9.1047127387308478e+01 -5.7634894239845309e+00 -4.9709328919201205e-02 2.4135567097395592e-02
3290 7.8673656992682169e+01 9.1110958961925476e+01 -5.1998868452478169e+00 -4.9741141690016331e-02 2.4159535334206714e-02
3300 7.8915400999176597e+01 9.1166553635564625e+01 -4.5660124468207703e+00 -4.9614290003666801e-02 2.4187053363683587e-02
3310 7.9157433625294075e+01 9.1222242011008191e+01 -3.8666189293926077e+00 -4.9616962772056711e-02 2.4215887959258633e-02
