0 0.0000000000000000e+00 1.1748654492409530e+03 0.0000000000000000e+00 0.0000000000000000e+00 2.6633522727272725e-03
10 8.5739853568028629e-02 1.4249723311177658e+02 -1.3478284201631024e-01 -4.5173718760127173e-03 1.1256419437212305e-02
20 2.1301262922751099e-01 6.9915843147403265e+01 -6.9864102864121936e-03 1.7667987434347867e-04 1.3655981472781938e-02
30 3.5556369629699136e-01 5.7688614334153684e+01 -1.7705992779834961e-02 -3.4374939390117777e-05 1.4623384228427055e-02
40 5.0494203165011953e-01 5.3797226578696552e+01 -2.3616296589184932e-02 -4.1683586005773184e-05 1.5150197198201895e-02
50 6.5808562450228159e-01 5.3286553246949204e+01 -3.6362462914647502e-02 2.8740531577282375e-05 1.5430124748964581e-02
60 8.1363254949006503e-01 5.4822026807551566e+01 -4.5400284873307731e-02 -3.7758344970802365e-05 1.5655639339720456e-02
70 9.7144706408394432e-01 5.7865816348778488e+01 -5.8428515410200318e-02 -7.5155120898041193e-05 1.5885228685632309e-02
80 1.1314624115549048e+00 6.2227571303943186e+01 -7.2033360413344488e-02 -8.8212410314394632e-05 1.6085340618192581e-02
90 1.2931800937620801e+00 6.7617334821043912e+01 -8.8485405121973754e-02 -9.6611340058021469e-05 1.6239466421354737e-02
100 1.4563795030389655e+00 7.3747927192198190e+01 -1.1162628218965594e-01 -1.1452612427261090e-04 1.6386226122605922e-02
110 1.6210879536116862e+00 8.0456983705824385e+01 -1.3310862754725089e-01 -1.4598810580662624e-04 1.6542143741397220e-02
120 1.7874406585869012e+00 8.7464958159472175e+01 -1.5949765273853814e-01 -1.7173924067495619e-04 1.6714155445945591e-02
130 1.9556219604270626e+00 9.4434801995233769e+01 -1.9160866796927589e-01 -2.3923039987815435e-04 1.6906496295754678e-02
140 2.1258273249330362e+00 1.0087660768770810e+02 -2.2973248377439665e-01 -2.5633101679133020e-04 1.7115667516169452e-02
150 2.2982000587310027e+00 1.0640056076939241e+02 -2.7151208287805306e-01 -2.3988734037167999e-04 1.7338866648138610e-02
160 2.4727737181876623e+00 1.1061305619914052e+02 -3.2224243403174763e-01 -1.2420377251266932e-04 1.7551117807539079e-02
170 2.6493942455396451e+00 1.1330067440020842e+02 -3.7673019044179612e-01 1.1146148243124828e-04 1.7751848837288812e-02
180 2.8279969991101597e+00 1.1444742474446883e+02 -4.4061823374262921e-01 3.3901245152999441e-04 1.7948832906732475e-02
190 3.0085680286906786e+00 1.1414654466955716e+02 -5.1612592525344703e-01 4.3894476980781784e-04 1.8145733569872813e-02
200 3.1910913292241658e+00 1.1271603844089834e+02 -6.0501471101632220e-01 4.5826866041777782e-04 1.8338083935444727e-02
210 3.3754919756100188e+00 1.1066080923958081e+02 -6.9277783676934079e-01 4.5233429248880388e-04 1.8522469290793347e-02
220 3.5616752872476076e+00 1.0835294673632788e+02 -8.0656079023540461e-01 4.4573003100911116e-04 1.8693472758495363e-02
230 3.7494566006871519e+00 1.0609349944682211e+02 -9.3708368694499045e-01 4.3191687616937643e-04 1.8845199064354647e-02
240 3.9387028057318885e+00 1.0407545137478060e+02 -1.0874559287093502e+00 3.7609505753531729e-04 1.8989241731952412e-02
250 4.1293814065553738e+00 1.0232541778522753e+02 -1.2582812788840410e+00 3.0258562984225454e-04 1.9131874623533305e-02
260 4.3214605695750015e+00 1.0067218671204395e+02 -1.4743522857298665e+00 2.0172712280933116e-04 1.9269351451147394e-02
270 4.5148824733686057e+00 9.9118965520313452e+01 -1.7568350400125743e+00 1.1623851444372947e-04 1.9399004002543335e-02
280 4.7094936401379242e+00 9.7683296369044839e+01 -2.1049832536001021e+00 5.3154325747170374e-05 1.9510777286635066e-02
290 4.9052102169074869e+00 9.6423841328367416e+01 -2.5261171320760503e+00 2.9021108875854078e-05 1.9621971138597417e-02
300 5.1020441097046616e+00 9.5383971853851875e+01 -3.0799792797193613e+00 3.3704051657765455e-05 1.9731246576656428e-02
310 5.2998816776571065e+00 9.4419052568168055e+01 -3.6899306283569797e+00 2.1019835007230843e-05 1.9825692891927531e-02
320 5.4986483950551710e+00 9.3452963528388182e+01 -4.3826533247675528e+00 1.0446529921450748e-05 1.9918605532265571e-02
330 5.6983471908283230e+00 9.2422175616559656e+01 -4.8824277507254266e+00 7.6641946883738017e-05 2.0011471136826234e-02
340 5.8989569906515120e+00 9.1367635285563196e+01 -5.4619233724596112e+00 -5.8192786424178004e-05 2.0101025878516650e-02
350 6.1004375545246203e+00 9.0254990566626716e+01 -5.9836907282102025e+00 2.5189432963963414e-05 2.0185737298712193e-02
360 6.3026937675775185e+00 8.9160180954506714e+01 -6.4114794973829401e+00 -5.9621989159928544e-05 2.0256056834413283e-02
370 6.5055979523414793e+00 8.8134055567846644e+01 -6.8009412533495155e+00 -8.2113636544974599e-05 2.0317536771110218e-02
380 6.7090815877694663e+00 8.7171839044530145e+01 -6.8347943118454548e+00 -6.9941518555646041e-05 2.0373104232695647e-02
390 6.9131251785485821e+00 8.6331160408306133e+01 -6.9099710160907675e+00 -8.7910347501902488e-05 2.0430383851453775e-02
400 7.1177559315794277e+00 8.5651748223208969e+01 -6.9104861469799568e+00 -6.3987366952799346e-05 2.0490375658269271e-02
410 7.3230098242635586e+00 8.5057263446966800e+01 -6.8183331499139355e+00 1.1064433621840547e-04 2.0554794770551169e-02
420 7.5289431305024479e+00 8.4551473195115165e+01 -6.6429385335855491e+00 -1.5784362485541027e-04 2.0625982933412230e-02
430 7.7355945145323775e+00 8.4101857297880727e+01 -6.3253231343812075e+00 -2.1029691245724234e-04 2.0696499521814224e-02
440 7.9429325924411023e+00 8.3720852222632786e+01 -5.9990106040507660e+00 -1.3669967598622855e-04 2.0763688326677698e-02
450 8.1509273478616269e+00 8.3354820158301024e+01 -5.6190502335324055e+00 -2.0813613683122578e-04 2.0828661562300232e-02
460 8.3595739112115144e+00 8.2983282181393790e+01 -5.2019388174500847e+00 -1.7215099145225600e-04 2.0894548750892861e-02
470 8.5688972677753643e+00 8.2609612807147741e+01 -4.6192572288071378e+00 -1.5078651781718339e-04 2.0963541027692659e-02
480 8.7789171724670840e+00 8.2272976148228580e+01 -4.0480638924765584e+00 -1.5906298408602099e-04 2.1032910803947862e-02
490 8.9896110202732462e+00 8.1927357372604433e+01 -3.3896700974684797e+00 -1.1624053167213341e-04 2.1099015789736809e-02
500 9.2009661833017464e+00 8.1547336413736318e+01 -2.6943856181130648e+00 -6.9388967645535334e-05 2.1165690758632449e-02
510 9.4129989780233281e+00 8.1225899280360125e+01 -1.8878137114453322e+00 6.2206012123466721e-05 2.1233566527452966e-02
520 9.6256830969152691e+00 8.0896682022928005e+01 -1.0128741488016542e+00 1.8640972256670909e-05 2.1296406073264749e-02
530 9.8389866096898047e+00 8.0586123269928308e+01 -9.8954992861106705e-02 -2.9538179775286485e-04 2.1358352447003778e-02
540 1.0052924413556257e+01 8.0305279587372780e+01 9.5702347876335858e-01 -8.1483996524192776e-04 2.1423414716797873e-02
550 1.0267541715890941e+01 8.0042166310358724e+01 1.8549036193609663e+00 -7.2389509227276409e-04 2.1494094549103768e-02
560 1.0482902717836771e+01 7.9750991543735580e+01 2.7734741212895457e+00 -4.1012497983105408e-05 2.1571430436844681e-02
570 1.0699067556374391e+01 7.9458179901333963e+01 3.6963350070708931e+00 -2.1994193568584871e-04 2.1654107185055380e-02
580 1.0916085897615430e+01 7.9195698348087447e+01 4.6333315338545962e+00 -3.5747931191930810e-04 2.1741589513710937e-02
590 1.1134005977700706e+01 7.8941729887881834e+01 5.5735981756412318e+00 -3.7546248610471780e-04 2.1834042904204261e-02
600 1.1352874653407568e+01 7.8700328691391277e+01 6.4676069904635156e+00 -3.4824898559708285e-04 2.1930096944043506e-02
610 1.1572656677778726e+01 7.8466393162415997e+01 7.3702136002933329e+00 -5.1913709367374370e-04 2.2010749795007733e-02
620 1.1793029742234607e+01 7.8255312109906825e+01 8.2638902332323134e+00 3.1679335692890413e-04 2.2055585352806190e-02
630 1.2013755834152100e+01 7.8034884224286415e+01 9.1262509688941602e+00 -3.1136438812629739e-04 2.2085070812989546e-02
640 1.2234730264198303e+01 7.7778893844817247e+01 9.9055952519097303e+00 -2.4527622385327522e-04 2.2106889157994060e-02
650 1.2455910006995692e+01 7.7523107239049054e+01 1.0734590150651066e+01 -4.8083045094158021e-04 2.2126999586796967e-02
660 1.2677291558758533e+01 7.7329712880221308e+01 1.1468523254060145e+01 2.6596850300327698e-05 2.2147330344354947e-02
670 1.2898874890927162e+01 7.7179036207618211e+01 1.2120954806526893e+01 -2.8697346855913891e-04 2.2167287123030115e-02
680 1.3120657682295839e+01 7.6872290917459878e+01 1.2721961854959032e+01 -5.0422387600287586e-04 2.2187337621421551e-02
690 1.3342642646000350e+01 7.6699430882637714e+01 1.3300642017099232e+01 -4.3158628811582604e-04 2.2207614939426565e-02
700 1.3564829499790823e+01 7.6540124975734301e+01 1.3808410572150500e+01 -5.3997633037432659e-04 2.2227712495310085e-02
710 1.3787215111562610e+01 7.6387447758827790e+01 1.4223349134346945e+01 -6.1436175487977686e-04 2.2247240053747088e-02
720 1.4009792296385017e+01 7.6229852021386463e+01 1.4587360594850304e+01 -6.6614918832904745e-04 2.2266368205241395e-02
730 1.4232565888984920e+01 7.6052101208223036e+01 1.4874009890349900e+01 -7.4174334215534757e-04 2.2286572314296236e-02
740 1.4455549509774819e+01 7.5919452238179460e+01 1.5049718166900629e+01 -8.5897778124802105e-04 2.2308214635620716e-02
750 1.4678755886784293e+01 7.5754451432841492e+01 1.5141231241122201e+01 -1.4025163536624877e-03 2.2330919945658636e-02
760 1.4902192654109484e+01 7.5546467098296873e+01 1.5173746128204371e+01 -1.4790148253450426e-03 2.2354155723398772e-02
770 1.5125859090836107e+01 7.5376368200876200e+01 1.5059587617654007e+01 -1.6621543962782185e-03 2.2376565394986111e-02
780 1.5349742054684057e+01 7.5161797807074578e+01 1.4872818005569503e+01 -2.0974623840791062e-03 2.2397848335612407e-02
790 1.5573839089384080e+01 7.4927495187668811e+01 1.4581383598953700e+01 -1.0622052812797032e-03 2.2419562972259742e-02
800 1.5798161256988044e+01 7.4686532110580870e+01 1.4229225855925224e+01 1.4521680982881483e-04 2.2442901046398976e-02
810 1.6022731005660983e+01 7.4453362704862883e+01 1.3663539273878907e+01 -9.3090754907016826e-04 2.2469026941456628e-02
820 1.6247582094292365e+01 7.4146591670928871e+01 1.3003697635546809e+01 -9.2897129578874051e-04 2.2498913167124445e-02
830 1.6472759378973620e+01 7.3880348191545394e+01 1.2276965534841331e+01 -1.1548346396518666e-03 2.2533930898222438e-02
840 1.6698315571438215e+01 7.3585466309073908e+01 1.1393514636207650e+01 -1.0217729359751888e-03 2.2573974443066181e-02
850 1.6924291541833668e+01 7.3261666802547879e+01 1.0404744677261386e+01 -1.4343819174771684e-03 2.2617425222812463e-02
860 1.7150720073140285e+01 7.2956201350446747e+01 9.3376621230553809e+00 -1.6242349160557365e-03 2.2664120639515280e-02
870 1.7377635518684080e+01 7.2637938518419958e+01 8.1177670343752677e+00 -1.7972303246227715e-03 2.2714685584672347e-02
880 1.7605083854833399e+01 7.2314521533797873e+01 6.7931535526730329e+00 -2.2474958517079099e-03 2.2770273767356373e-02
890 1.7833108060657334e+01 7.2038120018096237e+01 5.2152096516679833e+00 -2.4785846232450491e-03 2.2828876563511472e-02
900 1.8061732300703980e+01 7.1753719598452477e+01 3.5977569378196685e+00 -3.0223302792175537e-03 2.2890634000423279e-02
910 1.8291005740826186e+01 7.1436278442640187e+01 1.8501365778342813e+00 -3.4525820150183872e-03 2.2958430527249600e-02
920 1.8520998808950296e+01 7.1247570468887389e+01 1.0632995805315024e-01 -5.8456261163561387e-03 2.3034053246153166e-02
930 1.8751795764703218e+01 7.1033172885823916e+01 -1.7993405306418380e+00 -6.3236482463369815e-03 2.3118066865821268e-02
940 1.8983463331908588e+01 7.0843156261795343e+01 -3.8205811481982792e+00 -7.1993729875220631e-03 2.3207039254985930e-02
950 1.9216034885240731e+01 7.0689051486737199e+01 -5.9030939768326061e+00 -8.6817167307464711e-03 2.3298820865952981e-02
960 1.9449551847874147e+01 7.0574900660140386e+01 -8.0639810170928197e+00 -1.0519814353582447e-02 2.3394146054446355e-02
970 1.9683745125593948e+01 7.0539824379521903e+01 -1.0238523321769007e+01 -1.0851285498151675e-02 2.3429238093598308e-02
980 1.9917868890494276e+01 7.0505500567821940e+01 -1.2382729944668553e+01 -1.3552750550804262e-02 2.3393289187438396e-02
990 2.0151549306445315e+01 7.0550273233178942e+01 -1.4527174669567399e+01 -1.5590739815483371e-02 2.3347068522765566e-02
1000 2.0384749747303182e+01 7.0627148543199226e+01 -1.6593884216290057e+01 -1.7023179144554122e-02 2.3297236900816309e-02
1010 2.0617426071784617e+01 7.0754685105062279e+01 -1.8571476443336390e+01 -2.0091532213014483e-02 2.3242735034068047e-02
1020 2.0849533485559977e+01 7.0912928045070700e+01 -2.0470876653789890e+01 -2.2985245985594590e-02 2.3184135463683836e-02
1030 2.1081039376532686e+01 7.1108808590363495e+01 -2.2211413422916792e+01 -2.5583907015524737e-02 2.3122959631047595e-02
1040 2.1311895468934868e+01 7.1352965871599835e+01 -2.3802750447401113e+01 -2.8300447913233138e-02 2.3052201852306439e-02
1050 2.1542005779994334e+01 7.1633230661274169e+01 -2.5193427160176469e+01 -3.1277180909958326e-02 2.2978224050809890e-02
1060 2.1771410244865457e+01 7.1927446791861300e+01 -2.6363423093734497e+01 -3.4139644304806503e-02 2.2910481759320950e-02
1070 2.2000173110060420e+01 7.2281819264695699e+01 -2.7357503424613981e+01 -3.8161463936047163e-02 2.2849298225362327e-02
1080 2.2228357989798955e+01 7.2599823985565010e+01 -2.8084739919457878e+01 -4.0436807375875392e-02 2.2794163801884190e-02
1090 2.2456021429386112e+01 7.2962201948129362e+01 -2.8548816429848909e+01 -4.3458476342375991e-02 2.2744468487846226e-02
1100 2.2683228538354360e+01 7.3353139065410218e+01 -2.8769895461694848e+01 -4.5741647111607255e-02 2.2702497768083248e-02
1110 2.2910060733110083e+01 7.3720220477149397e+01 -2.8681243125462309e+01 -4.8054324518392554e-02 2.2668683450206454e-02
1120 2.3136602851597520e+01 7.4044287308710054e+01 -2.8297977081969062e+01 -5.0016146158946687e-02 2.2643821983988972e-02
1130 2.3362952950892318e+01 7.4370571605673547e+01 -2.7665896119372622e+01 -5.1324227451611491e-02 2.2628077779517582e-02
1140 2.3589175811780642e+01 7.4680422527114203e+01 -2.6746750825091414e+01 -5.3042351124824250e-02 2.2619030618172546e-02
1150 2.3815359120980414e+01 7.4959122260355457e+01 -2.5575023384364052e+01 -5.4596912497806224e-02 2.2618469921730035e-02
1160 2.4041559994315350e+01 7.5195726878863482e+01 -2.4120900001982154e+01 -5.5359515187000011e-02 2.2622300361725321e-02
1170 2.4267838860050045e+01 7.5385455133850769e+01 -2.2414683632293439e+01 -5.6534567159034939e-02 2.2633829788261929e-02
1180 2.4494279915063128e+01 7.5506636148023290e+01 -2.0426579574440201e+01 -5.7111742933853821e-02 2.2653787138273273e-02
1190 2.4720972188486453e+01 7.5573181203222276e+01 -1.8208454472606146e+01 -5.7611676543932594e-02 2.2683431399222180e-02
1200 2.4948017990848452e+01 7.5630981879861451e+01 -1.5697554131982264e+01 -5.7721673975801566e-02 2.2723417963088011e-02
1210 2.5175520625382465e+01 7.5601169824688384e+01 -1.2969062755605453e+01 -5.7947079000863592e-02 2.2773780639469561e-02
1220 2.5403574787686395e+01 7.5528108302649898e+01 -1.0043178442649426e+01 -5.9178229267904052e-02 2.2832266857991532e-02
1230 2.5632251296235818e+01 7.5497211181694723e+01 -6.9378791019579973e+00 -5.9527782180702447e-02 2.2897339936409328e-02
1240 2.5861607235302330e+01 7.5413516450220854e+01 -3.6223743898442962e+00 -5.8960765885492233e-02 2.2967816949536247e-02
1250 2.6091700504460203e+01 7.5377105916392878e+01 -1.4177906092874432e-01 -5.8017497831657112e-02 2.3044277489440265e-02
1260 2.6322590137755338e+01 7.5423607799276624e+01 3.4738327310002726e+00 -5.9335867231242449e-02 2.3126578329706882e-02
1270 2.6554348872094621e+01 7.5449670787972238e+01 7.2007744951818378e+00 -6.0289603545236797e-02 2.3217749385049939e-02
1280 2.6787077996425850e+01 7.5567601245883537e+01 1.1016134791704525e+01 -6.0785210464425136e-02 2.3319683147523248e-02
1290 2.7020880669821146e+01 7.5800704532893775e+01 1.4838942876199425e+01 -6.2173891544873301e-02 2.3429513763783907e-02
1300 2.7254764055412249e+01 7.6233983440667728e+01 1.8668687442195900e+01 -6.4273189223185381e-02 2.3298853415993810e-02
1310 2.7486524556164149e+01 7.6600855482935756e+01 2.2382891643232576e+01 -6.5716360916936306e-02 2.3076375696219890e-02
1320 2.7716064948724149e+01 7.7108118747838262e+01 2.5862793416479807e+01 -6.8761210277991702e-02 2.2853433815880026e-02
1330 2.7943397771259736e+01 7.7778889194085977e+01 2.9134226930177118e+01 -7.2695488378110254e-02 2.2636178611124345e-02
1340 2.8168601872558639e+01 7.8604709467825273e+01 3.2127968306961954e+01 -7.6926904244372624e-02 2.2426465934147276e-02
1350 2.8391751089500442e+01 7.9541093355760452e+01 3.4760560282975298e+01 -8.3010752928514037e-02 2.2225236972711740e-02
1360 2.8612948795193493e+01 8.0590414332705308e+01 3.6947677549269919e+01 -8.6207788765009036e-02 2.2035490506723258e-02
1370 2.8832331022439934e+01 8.1665665426679723e+01 3.8635779335341631e+01 -8.8588646348181477e-02 2.1861216059563499e-02
1380 2.9050062745306519e+01 8.2814818686441072e+01 3.9816178323740061e+01 -9.1842399904604771e-02 2.1702473662519706e-02
1390 2.9266280044407946e+01 8.3949471862886028e+01 4.0420046373437629e+01 -9.4329026727052900e-02 2.1558786398503133e-02
1400 2.9481177910307384e+01 8.5019769976474990e+01 4.0451410987303774e+01 -9.6867900725421674e-02 2.1436594581261747e-02
1410 2.9694974586716839e+01 8.6051303040042100e+01 3.9898339708127736e+01 -9.6208683112913640e-02 2.1336470926531504e-02
1420 2.9907896636243333e+01 8.7002849212972109e+01 3.8784704832539120e+01 -9.5471864500453751e-02 2.1259235592264468e-02
1430 3.0120165255000639e+01 8.7842377514013847e+01 3.7022629305837818e+01 -9.4910581972157210e-02 2.1203677498823764e-02
1440 3.0331983236767414e+01 8.8474384062418963e+01 3.4684598501037954e+01 -9.3707564093623810e-02 2.1166074714319236e-02
1450 3.0543528145964085e+01 8.9082752341979159e+01 3.1846148639517843e+01 -9.2236082922203907e-02 2.1148173757373059e-02
1460 3.0754998919141219e+01 8.9501942650200533e+01 2.8568091551159391e+01 -9.0153516234972947e-02 2.1147126601512859e-02
1470 3.0966490192436513e+01 8.9772636470115799e+01 2.4635040685556714e+01 -8.7863733248202958e-02 2.1152132826765108e-02
1480 3.1178076205021604e+01 8.9905753727869410e+01 2.0321501035267140e+01 -8.6640007496612811e-02 2.1165564101462114e-02
1490 3.1389873600844503e+01 8.9931698179220703e+01 1.5553918936177926e+01 -8.2593256625385539e-02 2.1193959832224097e-02
1500 3.1602032768779711e+01 8.9831060010260941e+01 1.0405677374011713e+01 -8.2206823817661562e-02 2.1235861352236172e-02
1510 3.1814691902889418e+01 8.9696087503941399e+01 4.8407661513069771e+00 -8.0492504745382512e-02 2.1292908052091688e-02
1520 3.2027999120995858e+01 8.9492612883772594e+01 -9.2399375860937227e-01 -8.1061015508709935e-02 2.1362290103799888e-02
1530 3.2242022979295363e+01 8.9399662618751023e+01 -6.7928151959153515e+00 -7.9707718651243861e-02 2.1436408533054098e-02
1540 3.2456844918737062e+01 8.9438565161393072e+01 -1.2720892193236091e+01 -8.0457282441590505e-02 2.1521626906144165e-02
1550 3.2672559096062834e+01 8.9644851072626835e+01 -1.8590306929455657e+01 -8.1484578704659902e-02 2.1611679078164962e-02
1560 3.2889090077812504e+01 9.0125273483680147e+01 -2.4200011930295926e+01 -8.2351118949345048e-02 2.1644341300828627e-02
1570 3.3103847598795447e+01 9.0818794403493371e+01 -2.9345022561938165e+01 -8.4836547653665745e-02 2.1341707878778638e-02
1580 3.3315729615564997e+01 9.1526265580586610e+01 -3.3852362629224388e+01 -8.5306260620349961e-02 2.1066911300706627e-02
1590 3.3525020855900401e+01 9.2306600154320151e+01 -3.7534089704071079e+01 -8.4951146366880545e-02 2.0820693798073137e-02
1600 3.3732005193672961e+01 9.3162027015856609e+01 -4.0397548982097369e+01 -8.1910532402988595e-02 2.0602773999587015e-02
1610 3.3936947783943261e+01 9.3985063746127722e+01 -4.2438940740798017e+01 -7.5950039031813563e-02 2.0409152265535732e-02
1620 3.4140114780898401e+01 9.4746879652734833e+01 -4.3584423754919719e+01 -6.9786666650698687e-02 2.0246005775020153e-02
1630 3.4341832035780335e+01 9.5402997797395500e+01 -4.3855599980524438e+01 -6.2704802651749825e-02 2.0115846208624846e-02
1640 3.4542425551204147e+01 9.5906375755444984e+01 -4.3329580317797621e+01 -5.2722749788182040e-02 2.0017953983841524e-02
1650 3.4742214992992331e+01 9.6268325222825766e+01 -4.2028869482754367e+01 -4.3605802697392851e-02 1.9951736945204909e-02
1660 3.4941515594273355e+01 9.6471232360716627e+01 -4.0036692041694998e+01 -3.4082705274823995e-02 1.9916899794069173e-02
1670 3.5140632901994749e+01 9.6601745688319610e+01 -3.7352568946470733e+01 -2.4423218330518220e-02 1.9910954625571953e-02
1680 3.5339777326710426e+01 9.6561999971140068e+01 -3.4103697924999778e+01 -1.5383858713037803e-02 1.9918504935955757e-02
1690 3.5538978298976360e+01 9.6464748770141128e+01 -3.0302690299015751e+01 -8.1173675984622714e-03 1.9921226913869557e-02
1700 3.5738243204101266e+01 9.6212419212085493e+01 -2.6036543467646187e+01 -1.6240588636781004e-03 1.9933359594400873e-02
1710 3.5937670144271507e+01 9.5921842596465851e+01 -2.1403577796188646e+01 4.1299250640202028e-03 1.9950606995873997e-02
1720 3.6137313833788305e+01 9.5523001664826296e+01 -1.6419070458480522e+01 8.5932346794279149e-03 1.9977277794917585e-02
1730 3.6337294484367696e+01 9.5112374335669031e+01 -1.1198801312075286e+01 1.1339933206937644e-02 2.0017902051980944e-02
1740 3.6537797195660282e+01 9.4599632271415842e+01 -5.8567269518883416e+00 1.3713250042869824e-02 2.0080367034087859e-02
1750 3.6739045005042783e+01 9.4118233291172501e+01 -2.7580261704880216e-01 1.3394716298347278e-02 2.0163106043862900e-02
1760 3.6941168046625585e+01 9.3670912095036925e+01 5.3111218451100450e+00 1.5479093383385666e-02 2.0252734195934465e-02
1770 3.7144229479675481e+01 9.3326685814893665e+01 1.0871721352471445e+01 1.4095987065163273e-02 2.0351365729331192e-02
1780 3.7348298868488705e+01 9.3108220396353886e+01 1.6423762759509778e+01 1.2041270311508720e-02 2.0453696395561348e-02
1790 3.7553466851536307e+01 9.2944437122285052e+01 2.1805121602361272e+01 9.5906619853463725e-03 2.0571525302402392e-02
1800 3.7759880876518409e+01 9.3035517129049651e+01 2.6917325546541012e+01 6.7530448797137417e-03 2.0698648622338996e-02
1810 3.7967085207732943e+01 9.3468612012255761e+01 3.1743235961743146e+01 4.7692666814014165e-03 2.0676421645048973e-02
1820 3.8172812838236183e+01 9.3870001398837204e+01 3.6017297847746050e+01 1.9831777121451159e-03 2.0488754956110994e-02
1830 3.8376728985229740e+01 9.4328406494650494e+01 3.9609567039749372e+01 6.2277722545974097e-04 2.0314901725999309e-02
1840 3.8579014663562873e+01 9.4878474035725475e+01 4.2535475812059964e+01 5.5227276534135510e-04 2.0160890976920705e-02
1850 3.8779871847707057e+01 9.5484589430911782e+01 4.4652527165827230e+01 -1.2185280626629561e-04 2.0027446704883926e-02
1860 3.8979515103659345e+01 9.6037407912097919e+01 4.6076697483215177e+01 3.4292298427736662e-03 1.9916113651983900e-02
1870 3.9178173029848082e+01 9.6535591961997881e+01 4.6649110460061834e+01 6.8308761097639181e-03 1.9828265067018624e-02
1880 3.9376084353612178e+01 9.6989133963732243e+01 4.6424463911864216e+01 1.1065329802438696e-02 1.9764350054439796e-02
1890 3.9573489557277490e+01 9.7315625212795425e+01 4.5493587328085361e+01 1.5507869721289168e-02 1.9724705379508288e-02
1900 3.9770594904893798e+01 9.7534105055196136e+01 4.3851715175421646e+01 2.2338121969265556e-02 1.9693758856396848e-02
1910 3.9967278298779235e+01 9.7644419902720202e+01 4.1547773458030321e+01 2.3792780007665288e-02 1.9643608446287899e-02
1920 4.0163475249479276e+01 9.7623000553613593e+01 3.8661634545949340e+01 2.8830365611389804e-02 1.9604160520178840e-02
1930 4.0359423317316178e+01 9.7473011165518898e+01 3.5153243744751457e+01 3.0269528901687451e-02 1.9591072241276392e-02
1940 4.0555346283343454e+01 9.7182734450420327e+01 3.1160470986399321e+01 3.2956848515875922e-02 1.9594832914587249e-02
1950 4.0751384789045574e+01 9.6775188389227992e+01 2.6675279408963018e+01 3.5481861547107703e-02 1.9614201077932911e-02
1960 4.0947723470836287e+01 9.6306935975807676e+01 2.1838731237846865e+01 3.7263264827029477e-02 1.9652237362131710e-02
1970 4.1144537699884786e+01 9.5760381264052413e+01 1.6637574193962614e+01 3.7392873347036497e-02 1.9708339523833187e-02
1980 4.1342023152846210e+01 9.5174353196924798e+01 1.1147730928832578e+01 3.7738625274676398e-02 1.9784295510347820e-02
1990 4.1540348323687070e+01 9.4535176430595143e+01 5.4797891007733579e+00 3.6385433754450705e-02 1.9873833760031885e-02
2000 4.1739606528524121e+01 9.3926504023411781e+01 -3.4429164735741369e-01 3.5101442996196823e-02 1.9969588329373809e-02
2010 4.1939887986109923e+01 9.3370993914934871e+01 -6.3193537469191483e+00 3.2004526374268538e-02 2.0077295763871329e-02
2020 4.2141274160995565e+01 9.2870070181154873e+01 -1.2298306187789207e+01 2.7226593850872716e-02 2.0190410562359169e-02
2030 4.2343867630060799e+01 9.2512875065473693e+01 -1.8273053782116396e+01 2.3957256368113338e-02 2.0317425518237817e-02
2040 4.2547810300376199e+01 9.2324219042185518e+01 -2.4166813647603544e+01 1.8409234820100529e-02 2.0459621385218174e-02
2050 4.2753251508070029e+01 9.2354587411954924e+01 -2.9763770527141581e+01 1.3017665428411082e-02 2.0616180996933658e-02
2060 4.2960052406247875e+01 9.2802699597684935e+01 -3.5084984002333293e+01 6.2666750474151284e-03 2.0680115657960754e-02
2070 4.3165714489458644e+01 9.3349762409419512e+01 -3.9911116849405182e+01 1.9846696656235295e-03 2.0475444267417875e-02
2080 4.3369422574338351e+01 9.3971761989402836e+01 -4.4003248944766803e+01 -2.0271951673037610e-03 2.0286876701067318e-02
2090 4.3571320682418083e+01 9.4726034701002845e+01 -4.7340752804195603e+01 -4.2650231262769123e-03 2.0113506223187236e-02
2100 4.3771601172078263e+01 9.5554900639709572e+01 -4.9845822640687992e+01 -5.9018726471782050e-03 1.9961475985576477e-02
2110 4.3970490148951455e+01 9.6374841512975649e+01 -5.1502144586462968e+01 -5.8576464464307710e-03 1.9833231726308378e-02
2120 4.4168236154933084e+01 9.7134018393241504e+01 -5.2240518704034088e+01 -3.7055297526257061e-03 1.9730625401810493e-02
2130 4.4365100634639646e+01 9.7867337059903349e+01 -5.2141390780407399e+01 -4.7730024694381793e-04 1.9654145963238313e-02
2140 4.4561342994205290e+01 9.8446277485581334e+01 -5.1208731531697140e+01 5.6832391466145483e-03 1.9603549303261671e-02
2150 4.4757222325085280e+01 9.8844563911626551e+01 -4.9493954168221400e+01 6.7000620296598888e-03 1.9579150482463573e-02
2160 4.4952935832697946e+01 9.9150717961000055e+01 -4.7037638937317460e+01 1.1140645406506952e-02 1.9553827249807074e-02
2170 4.5148228531588231e+01 9.9279956297574685e+01 -4.3983007321235981e+01 1.6334006799994354e-02 1.9513272832665102e-02
2180 4.5343265541292652e+01 9.9218023754553272e+01 -4.0200546598040425e+01 1.9038694139856586e-02 1.9499945623576504e-02
2190 4.5538278642345006e+01 9.9015832616438445e+01 -3.5886607416298048e+01 2.4390333968888796e-02 1.9504076167303194e-02
2200 4.5733415823104224e+01 9.8575939246686801e+01 -3.1017726416603772e+01 2.7465380896218156e-02 1.9524655170216482e-02
2210 4.5928855584301260e+01 9.8097329474078492e+01 -2.5772777743986687e+01 3.0413334409452725e-02 1.9562204560307276e-02
2220 4.6124766669003186e+01 9.7486498168058958e+01 -2.0073311204787899e+01 3.2336684387447065e-02 1.9617862592131323e-02
2230 4.6321351926094721e+01 9.6840582590304010e+01 -1.4071408482979864e+01 3.3388939672630520e-02 1.9694272567904823e-02
2240 4.6518782249547996e+01 9.6140835049638667e+01 -7.8007724467829300e+00 3.4450535176163359e-02 1.9784673104561574e-02
2250 4.6717156588026178e+01 9.5459245843120399e+01 -1.3808973119589800e+00 3.2922368086354535e-02 1.9882110321709813e-02
2260 4.6916583277366755e+01 9.4817962189100840e+01 5.1683038027964265e+00 3.2036468846308667e-02 1.9994064111030396e-02
2270 4.7117167184506698e+01 9.4258271264032871e+01 1.1793993110405195e+01 2.9235071767712839e-02 2.0112690193058561e-02
2280 4.7319020591223747e+01 9.3848091440783037e+01 1.8427108369657795e+01 2.4785727467587587e-02 2.0247916125486383e-02
2290 4.7522327508785203e+01 9.3669583148909794e+01 2.4918845758069573e+01 2.0652008077359285e-02 2.0399365681052939e-02
2300 4.7727208807980055e+01 9.3754971884731830e+01 3.1213315226293140e+01 1.4718074751810868e-02 2.0563245529928189e-02
2310 4.7933269832412670e+01 9.4337967908236777e+01 3.7135342583503061e+01 8.7632930751412961e-03 2.0564822615802624e-02
2320 4.8137619522434598e+01 9.4962341922292637e+01 4.2484779460583162e+01 4.1406109225613792e-03 2.0331756882674135e-02
2330 4.8339758328132120e+01 9.5753559615480839e+01 4.7134748992763519e+01 2.0443402686077992e-03 2.0120923940793657e-02
2340 4.8539907098395233e+01 9.6674565858430455e+01 5.0714569392285327e+01 -2.2663206084587040e-03 1.9931717537032788e-02
2350 4.8738289753910813e+01 9.7672996863835195e+01 5.3517489799649240e+01 -3.8474436152828376e-03 1.9765253552189020e-02
2360 4.8935141245841102e+01 9.8695375274606675e+01 5.5372852455872120e+01 -4.9305012805063103e-03 1.9623604874042095e-02
2370 4.9130722002588485e+01 9.9676327283701127e+01 5.6253161963580908e+01 -3.3569951784941637e-03 1.9508497233635787e-02
2380 4.9325296790852285e+01 1.0049260080856041e+02 5.6264889739306732e+01 1.1073844327891007e-03 1.9419855785453570e-02
2390 4.9519140523960729e+01 1.0114837527871043e+02 5.5292264520290921e+01 5.2286741174461119e-03 1.9359585335939795e-02
2400 4.9712536111546733e+01 1.0162412420473991e+02 5.3565221911787120e+01 7.9499484842271220e-03 1.9327379137447320e-02
2410 4.9905760449788524e+01 1.0192930751725298e+02 5.1037592713547276e+01 1.2553786719219147e-02 1.9321388482471311e-02
2420 5.0098749012394421e+01 1.0209257978569643e+02 4.7879157056933963e+01 1.7254663298599614e-02 1.9280092837930578e-02
2430 5.0291424518850505e+01 1.0195538411441350e+02 4.3984810573352171e+01 2.0724920951875534e-02 1.9261588629194502e-02
2440 5.0484044770374524e+01 1.0165128991131252e+02 3.9477651926231694e+01 2.4493360978225017e-02 1.9263657311201662e-02
2450 5.0676753352064168e+01 1.0110429967095071e+02 3.4413891390028283e+01 2.4738481793523979e-02 1.9279586327157587e-02
2460 5.0869736745464955e+01 1.0046841004378749e+02 2.8978132507853456e+01 3.0880779317353953e-02 1.9317301160554596e-02
2470 5.1063231855483068e+01 9.9699490689564428e+01 2.3070090406855069e+01 3.2565173409696738e-02 1.9378962858691007e-02
2480 5.1257444190875468e+01 9.8862681295594882e+01 1.6847704964610017e+01 3.2998894570635796e-02 1.9458864053733468e-02
2490 5.1452572361289654e+01 9.8026266918709226e+01 1.0286848345451636e+01 3.2500942061077766e-02 1.9559213054435358e-02
2500 5.1648768701330020e+01 9.7130570845447650e+01 3.5549072708197120e+00 2.9743007512931918e-02 1.9670054429977227e-02
2510 5.1846087962221034e+01 9.6303040168591124e+01 -3.3656640543744620e+00 2.8957335057087773e-02 1.9784028654792004e-02
2520 5.2044620606580807e+01 9.5584340542857177e+01 -1.0399951293673769e+01 2.4219621988475590e-02 1.9911476863821744e-02
2530 5.2244455187628553e+01 9.5028515221229782e+01 -1.7415395610081678e+01 1.8566156445795696e-02 2.0044043744963214e-02
2540 5.2445707876913211e+01 9.4655363160307942e+01 -2.4362974648662750e+01 1.3095819877209432e-02 2.0195173009119927e-02
2550 5.2648569028394071e+01 9.4646942728120621e+01 -3.1163520413670838e+01 8.3582092510407976e-03 2.0361706786344663e-02
2560 5.2853045218461205e+01 9.4989463608976479e+01 -3.7572970088375058e+01 3.9404221638536406e-03 2.0492581348585254e-02
2570 5.3056832986161048e+01 9.5779161818205381e+01 -4.3362290958975215e+01 -1.5795190487359406e-03 2.0268678770556266e-02
2580 5.3258259856655350e+01 9.6545439773307379e+01 -4.8363742953233185e+01 -5.6947820892375243e-03 2.0043327677378021e-02
2590 5.3457569704980671e+01 9.7494219873269699e+01 -5.2460839021862995e+01 -7.6999465709354830e-03 1.9842542587143797e-02
2600 5.3655003266730333e+01 9.8575471462194614e+01 -5.5619571292607340e+01 -9.3925584708968134e-03 1.9665813591637295e-02
2610 5.3850804638565464e+01 9.9665982858763968e+01 -5.7771142975005155e+01 -7.1067958971240408e-03 1.9513945172724100e-02
2620 5.4045234528914676e+01 1.0070691386423837e+02 -5.8992553740304857e+01 -7.3973898285589349e-03 1.9388540656839988e-02
2630 5.4238558723220500e+01 1.0166343756815026e+02 -5.9285725129137674e+01 1.0972209819455148e-03 1.9290972728676171e-02
2640 5.4431072421477474e+01 1.0238004942343808e+02 -5.8399006134347800e+01 2.7021185195352267e-04 1.9223431347316841e-02
2650 5.4623070613472784e+01 1.0294339284047281e+02 -5.6808463062104551e+01 4.9398760854467141e-03 1.9184719501107440e-02
2660 5.4814839036516112e+01 1.0329809167196042e+02 -5.4389135578545314e+01 1.0159093474321208e-02 1.9174520297083539e-02
2670 5.5006318272911464e+01 1.0349764289420168e+02 -5.1273785392430050e+01 1.5695417060780838e-02 1.9129645096126344e-02
2680 5.5197497511878488e+01 1.0343269628728004e+02 -4.7488761418895407e+01 2.0218213234732583e-02 1.9112699982867118e-02
2690 5.5388633458183193e+01 1.0312975601963055e+02 -4.3003799983482558e+01 2.5454209438845094e-02 1.9115889099013891e-02
2700 5.5579878702980231e+01 1.0261109694296745e+02 -3.7988201162284589e+01 2.9433175563051250e-02 1.9134297209860304e-02
2710 5.5771417654659530e+01 1.0192093968653376e+02 -3.2442122838372228e+01 3.0688801601551095e-02 1.9173401705712800e-02
2720 5.5963479738163628e+01 1.0110060603541152e+02 -2.6521662561558298e+01 3.2910282141797025e-02 1.9236704378663361e-02
2730 5.6156281343828127e+01 1.0019320826740932e+02 -2.0139073952856542e+01 3.4268556954828902e-02 1.9318346268280016e-02
2740 5.6350008347418445e+01 9.9249829318272802e+01 -1.3457731267379058e+01 3.3884597503323108e-02 1.9420127041293717e-02
2750 5.6544826018125434e+01 9.8291965806179803e+01 -6.5716607637689108e+00 3.1140875968483906e-02 1.9534247840618416e-02
2760 5.6740816389472513e+01 9.7335276555775195e+01 5.1220360488199468e-01 2.9326181882216258e-02 1.9652360613994432e-02
2770 5.6938036304520686e+01 9.6515813560170145e+01 7.8379367010678376e+00 2.6370715581585092e-02 1.9781997865629074e-02
2780 5.7136628902539869e+01 9.5872671956507560e+01 1.5134191629852129e+01 2.0183555820121799e-02 1.9922121370879280e-02
2790 5.7336662956572674e+01 9.5471130753526680e+01 2.2538142896493540e+01 1.7120285462322287e-02 2.0073002671863221e-02
2800 5.7538336546985462e+01 9.5316910976076741e+01 2.9588439381156014e+01 7.8036806667896134e-03 2.0247149797942097e-02
2810 5.7741783648835721e+01 9.5533176397328461e+01 3.6421705795732898e+01 1.5067713134078911e-03 2.0415144879306582e-02
2820 5.7945389703209081e+01 9.6291196907342425e+01 4.2819223196921214e+01 -6.0115608569955179e-03 2.0258695317616881e-02
2830 5.8146672419576532e+01 9.7125689488343269e+01 4.8347286973150929e+01 -7.0107211264475618e-03 2.0024692740003056e-02
2840 5.8345736628124428e+01 9.8137633995982100e+01 5.2979883382510010e+01 -1.0400331889357593e-02 1.9813363900945000e-02
2850 5.8542795995569946e+01 9.9276098514010272e+01 5.6659293234110784e+01 -1.2364315336321674e-02 1.9620543683704885e-02
2860 5.8738046556495952e+01 1.0050756487057517e+02 5.9350062867415318e+01 -1.3302418387252881e-02 1.9451201582107020e-02
2870 5.8931767753984978e+01 1.0169506490473300e+02 6.1033113608083781e+01 -1.2003144410201430e-02 1.9311982272694442e-02
2880 5.9124258827400745e+01 1.0277767655732622e+02 6.1706506897060159e+01 -8.3628491465677947e-03 1.9201983587258976e-02
2890 5.9315808873413886e+01 1.0368292487609651e+02 6.1288013743452829e+01 -3.8445741360381845e-03 1.9120865362321868e-02
2900 5.9506704298779432e+01 1.0439232724666861e+02 6.0038007885596016e+01 3.6364075165733580e-04 1.9068166289651946e-02
2910 5.9697228338042137e+01 1.0487421451144354e+02 5.7947003810757415e+01 6.9425681702947155e-03 1.9043761720257658e-02
2920 5.9887561022091731e+01 1.0517208281644446e+02 5.5065344262586855e+01 1.1910167200998216e-02 1.9015298708531338e-02
2930 6.0077533991092288e+01 1.0519797674383736e+02 5.1534112103255922e+01 1.8722281930283670e-02 1.8986785497984382e-02
2940 6.0267369472819226e+01 1.0493833900862930e+02 4.7268123633978597e+01 2.2787538958894401e-02 1.8983505008279101e-02
2950 6.0457248720224463e+01 1.0446426910068571e+02 4.2369892572096383e+01 2.7515158826775417e-02 1.8994075584721357e-02
2960 6.0647342002375794e+01 1.0376944671532827e+02 3.7062264234915610e+01 3.5995872711011394e-02 1.9025371182759127e-02
2970 6.0837885685775412e+01 1.0284971051407287e+02 3.1164942033677669e+01 3.5568565879588503e-02 1.9082023362359680e-02
2980 6.1029130134463337e+01 1.0181172236913498e+02 2.4870184549389773e+01 3.6748058165161648e-02 1.9162690528343317e-02
2990 6.1221284255286456e+01 1.0073183200904184e+02 1.8160807623906678e+01 3.8369976399675612e-02 1.9260600295252932e-02
3000 6.1414509052876660e+01 9.9637918410571046e+01 1.1178661253560820e+01 3.8508120717067454e-02 1.9375582826737861e-02
3010 6.1608944153609464e+01 9.8514993864481440e+01 3.9791632053449906e+00 3.6697804530875934e-02 1.9500936199040059e-02
3020 6.1804656938681049e+01 9.7477725086722401e+01 -3.4560764723867852e+00 3.4488211742177775e-02 1.9628674545206726e-02
3030 6.2001693417290376e+01 9.6569535919075719e+01 -1.1025787049004929e+01 2.9374849700788182e-02 1.9768186319976757e-02
3040 6.2200224463409604e+01 9.5936967778960735e+01 -1.8606307334519745e+01 2.5754241731085099e-02 1.9922200146423472e-02
3050 6.2400318420777211e+01 9.5581983373785107e+01 -2.6123113776299437e+01 2.1272950229397149e-02 2.0083383087508604e-02
3060 6.2602146478726539e+01 9.5544075125159196e+01 -3.3446487274032116e+01 1.5145357528147886e-02 2.0268040244375146e-02
3070 6.2805635399845379e+01 9.6070353490243875e+01 -4.0415538021647173e+01 7.9476415426782791e-03 2.0358669265568410e-02
3080 6.3007794805952848e+01 9.6957115243585889e+01 -4.6699094989189952e+01 4.0603581216311704e-03 2.0103156365899884e-02
3090 6.3207532205621014e+01 9.7925318952846581e+01 -5.2093316632910238e+01 4.9192120496244749e-04 1.9871287176023961e-02
3100 6.3405082513514223e+01 9.9138456150394148e+01 -5.6595096689455140e+01 5.4547081144356267e-04 1.9663696422021770e-02
3110 6.3600658806848728e+01 1.0044875089712467e+02 -5.9871267857103724e+01 -3.9046293494794460e-03 1.9474234323068565e-02
3120 6.3794482305084657e+01 1.0178121165724126e+02 -6.2247882766152870e+01 -4.3488194312809123e-03 1.9311913725383191e-02
3130 6.3986855769661304e+01 1.0304950679814549e+02 -6.3520787097077417e+01 -3.0330431026749280e-03 1.9180950973056624e-02
3140 6.4178084873448967e+01 1.0416232600845584e+02 -6.3790924768435673e+01 6.1832056902317624e-04 1.9079732339014010e-02
3150 6.4368463795148045e+01 1.0504773261028672e+02 -6.2958168812988816e+01 2.8993214054369842e-03 1.9008154779120507e-02
3160 6.4558288134281881e+01 1.0574432380849341e+02 -6.1318557469008027e+01 8.4742107624673890e-03 1.8965621345434312e-02
3170 6.4747833114738839e+01 1.0619358043773084e+02 -5.8863448421712370e+01 1.1199789021379873e-02 1.8942800223581645e-02
3180 6.4936995185588842e+01 1.0638730224637979e+02 -5.5615629516728632e+01 1.5957636758793359e-02 1.8898803471688340e-02
3190 6.5125877548254451e+01 1.0629512717328755e+02 -5.1734896482865516e+01 2.1624387781183616e-02 1.8883944876136090e-02
3200 6.5314730387653455e+01 1.0591451090766573e+02 -4.7117105640949902e+01 2.4280484677520864e-02 1.8888077330010852e-02
3210 6.5503710873291439e+01 1.0530724857589009e+02 -4.1914952694349672e+01 2.7368313947170757e-02 1.8909494624295631e-02
3220 6.5693035290465019e+01 1.0449313807259719e+02 -3.6330346886562509e+01 3.7141578186660307e-02 1.8955148296941587e-02
3230 6.5882961756742958e+01 1.0342292650356109e+02 -3.0147468726183973e+01 3.3757259961584053e-02 1.9026947107922295e-02
3240 6.6073733420550866e+01 1.0227813544769728e+02 -2.3541699800944194e+01 3.5401956112291785e-02 1.9120921456400007e-02
3250 6.6265529078286008e+01 1.0109297815656332e+02 -1.6569390125008830e+01 3.3798787500491312e-02 1.9230277861534209e-02
3260 6.6458512737987789e+01 9.9880658734323958e+01 -9.3485049983575550e+00 3.2898231745170939e-02 1.9355062999610609e-02
3270 6.6652789067861178e+01 9.8707910569804412e+01 -1.8897913068962895e+00 3.1361384455461057e-02 1.9486980872393277e-02
3280 6.6848385079531838e+01 9.7651370757766188e+01 5.8317447693921434e+00 2.9120888681645422e-02 1.9620956639454956e-02
3290 6.7045420627944992e+01 9.6812813006748868e+01 1.3613762033362969e+01 2.3692386444568763e-02 1.9773331400794708e-02
3300 6.7244004770315996e+01 9.6235183835919656e+01 2.1428801005552057e+01 1.9102293673194267e-02 1.9929553887577667e-02
3310 6.7444242489505768e+01 9.5998907044637818e+01 2.9117236260812387e+01 1.5021771457427679e-02 2.0104576930743620e-02
3320 6.7646354880986379e+01 9.6159680617899710e+01 3.6608139119208879e+01 8.0705982515539652e-03 2.0298401388033214e-02
3330 6.7849284385567984e+01 9.7027610045344929e+01 4.3567273573060518e+01 1.1022321791523350e-03 2.0206909335888319e-02
3340 6.8049962702452277e+01 9.7957321886809822e+01 4.9742514193594801e+01 -3.2002645066582936e-04 1.9957371201136928e-02
3350 6.8248269253760810e+01 9.9097095977032197e+01 5.4923751225390518e+01 -2.6929717272467053e-03 1.9729351678015556e-02
3360 6.8444404370512729e+01 1.0043523872961808e+02 5.9084340361729595e+01 -5.5085243460043353e-03 1.9522191833647975e-02
3370 6.8638580188877754e+01 1.0185724505810950e+02 6.2178702689015871e+01 -6.0099502458689910e-03 1.9335925776984494e-02
3380 6.8831065043029483e+01 1.0325608313854924e+02 6.4211217090436648e+01 -3.4508826887642793e-03 1.9182076242814122e-02
3390 6.9022203726065669e+01 1.0452858435854981e+02 6.5166172130096442e+01 -3.8981094240821456e-03 1.9063067085586905e-02
3400 6.9212311418552517e+01 1.0564718656867032e+02 6.5086920581297647e+01 -7.2979372346366350e-04 1.8972169506590992e-02
3410 6.9401667481885468e+01 1.0648227543559483e+02 6.3940202950109516e+01 2.8401980032081294e-03 1.8909986094847290e-02
3420 6.9590556416030310e+01 1.0710143228648310e+02 6.1994339563666763e+01 7.2821993907204730e-03 1.8875873440460413e-02
3430 6.9779229157904396e+01 1.0747688742579840e+02 5.9241993943057764e+01 1.1577163998112233e-02 1.8854532072636460e-02
3440 6.9967568154175595e+01 1.0754823592347002e+02 5.5721678722077201e+01 1.5264744830022981e-02 1.8820875014935425e-02
3450 7.0155720980670466e+01 1.0735891154359305e+02 5.1553330630732489e+01 1.8167337770306755e-02 1.8814180538146506e-02
3460 7.0343895190237745e+01 1.0681090414291312e+02 4.6693514324890110e+01 2.1209469241174075e-02 1.8822397879442291e-02
3470 7.0532254229356582e+01 1.0609796383879186e+02 4.1322790272588406e+01 2.3457047692877927e-02 1.8850424067338941e-02
3480 7.0721027983503930e+01 1.0507765795156155e+02 3.5419739686942016e+01 2.5686778570294558e-02 1.8903380309347361e-02
3490 7.0910478431393258e+01 1.0390381857672121e+02 2.9102674943076387e+01 2.7426674252890835e-02 1.8983206710583879e-02
3500 7.1100861950972444e+01 1.0262095922616497e+02 2.2287160703144714e+01 2.6477048385894410e-02 1.9085592713536971e-02
3510 7.1292349081923447e+01 1.0130584231449889e+02 1.5139093075217415e+01 2.5308965564456720e-02 1.9202998910108276e-02
3520 7.1485084113854697e+01 9.9995828958129749e+01 7.7408067149774231e+00 2.2137720784261544e-02 1.9331921736490430e-02
3530 7.1679159074094699e+01 9.8747596300575637e+01 1.0313036282901122e-01 1.8221539863480865e-02 1.9468935630601317e-02
3540 7.1874594675400161e+01 9.7657779977272440e+01 -7.8153507191862319e+00 1.4546417196436153e-02 1.9606326476579009e-02
3550 7.2071504826716065e+01 9.6813406581001018e+01 -1.5750583307918268e+01 7.7650009056709005e-03 1.9764068180646327e-02
3560 7.2270036576645253e+01 9.6273383708496368e+01 -2.3708460578076249e+01 1.9634546102137661e-03 1.9926507218089223e-02
3570 7.2470257587937553e+01 9.6121225898149262e+01 -3.1502471024453264e+01 -3.8901693967852502e-03 2.0103713139558430e-02
3580 7.2672347878358096e+01 9.6437142947375165e+01 -3.9019348231043281e+01 -1.2010997270771468e-02 2.0282226575294927e-02
3590 7.2874493328810161e+01 9.7416998565908642e+01 -4.6102748503070252e+01 -1.6127733208730309e-02 2.0102669142098621e-02
3600 7.3074137525409583e+01 9.8481188066276559e+01 -5.2050408126585488e+01 -2.0210553128828884e-02 1.9854899888088761e-02
3610 7.3271434237394544e+01 9.9749902646359402e+01 -5.7078647155596755e+01 -2.3008609747183221e-02 1.9629553605159240e-02
3620 7.3466592823148403e+01 1.0118049534123573e+02 -6.1032171460490929e+01 -2.3730500921415792e-02 1.9426395832497535e-02
3630 7.3659840770705145e+01 1.0269397851981923e+02 -6.3908803294238481e+01 -2.2550601377886420e-02 1.9245560945299361e-02
3640 7.3851457355209021e+01 1.0414542118831217e+02 -6.5720606901935113e+01 -2.1237113933598735e-02 1.9098467126291874e-02
3650 7.4041793717878107e+01 1.0544358062669878e+02 -6.6419087494848711e+01 -1.5573099678801232e-02 1.8984721604604713e-02
3660 7.4231151327290007e+01 1.0654502275161249e+02 -6.6041263267574550e+01 -9.8095016288931008e-03 1.8900108058222165e-02
3670 7.4419822378237299e+01 1.0736709051753353e+02 -6.4684058222362879e+01 -4.7019531151429247e-03 1.8844428564622762e-02
3680 7.4608092535850076e+01 1.0794329925135339e+02 -6.2514718998168540e+01 2.1167971183044523e-03 1.8817085377855078e-02
3690 7.4796114252928788e+01 1.0826283677721035e+02 -5.9513820835294062e+01 7.1734075940311209e-03 1.8783249616430547e-02
3700 7.4983791212865356e+01 1.0825425177464295e+02 -5.5820001234979102e+01 1.4451501054400429e-02 1.8759298132832961e-02
3710 7.5171373435008775e+01 1.0797955100036205e+02 -5.1458370606654938e+01 2.0693822686476012e-02 1.8759257043421306e-02
3720 7.5359031604839188e+01 1.0738326322804286e+02 -4.6442965611127832e+01 2.5017338872094664e-02 1.8774118641552474e-02
3730 7.5546958107417339e+01 1.0653495091370520e+02 -4.0864050378528908e+01 3.0778777120112590e-02 1.8811556502708774e-02
3740 7.5735401834056844e+01 1.0543368881760843e+02 -3.4796745894053281e+01 3.0254716513531541e-02 1.8875321462267426e-02
3750 7.5924632184585604e+01 1.0415689972176357e+02 -2.8278775469792961e+01 3.3222694792048556e-02 1.8965879518090121e-02
3760 7.6114875733264924e+01 1.0280979526588260e+02 -2.1334408195639295e+01 3.3723510200584575e-02 1.9073752776300114e-02
3770 7.6306270984458266e+01 1.0142465726051145e+02 -1.4017852819347201e+01 3.3704193908614850e-02 1.9195721098009599e-02
3780 7.6498937732983521e+01 1.0007205994827285e+02 -6.4466454449983308e+00 3.1404633667082849e-02 1.9326603783542489e-02
3790 7.6692964729412822e+01 9.8812275805475693e+01 1.3465041925502070e+00 2.8487964342854045e-02 1.9463576844588052e-02
3800 7.6888362527779336e+01 9.7732699894568484e+01 9.4361552887284326e+00 2.3568345577873535e-02 1.9604760535100487e-02
3810 7.7085292696067015e+01 9.6927497375021716e+01 1.7506521374245235e+01 1.7053671392558482e-02 1.9767596443287055e-02
3820 7.7283872236046761e+01 9.6484349688466182e+01 2.5571042948483189e+01 1.1889935913403904e-02 1.9932830261775759e-02
3830 7.7484183605711536e+01 9.6431336397588794e+01 3.3497407980527449e+01 6.3989295831933610e-03 2.0115417953194929e-02
3840 7.7686316076074817e+01 9.6910607218447481e+01 4.1026211686594692e+01 -1.5837508331045236e-03 2.0261854585059413e-02
3850 7.7887655192285237e+01 9.7978884289785157e+01 4.7968785751905472e+01 -6.3784184494041505e-03 2.0014280352688797e-02
3860 7.8086427183565590e+01 9.9150681802568485e+01 5.3918876633295511e+01 -1.0421983763289802e-02 1.9767842330034119e-02
3870 7.8282847200164696e+01 1.0053415402400617e+02 5.8798982976497797e+01 -1.3646809291907211e-02 1.9541888575950305e-02
3880 7.8477116407443532e+01 1.0203476106731891e+02 6.2584056962710974e+01 -1.4711242927614370e-02 1.9337090714817186e-02
3890 7.8669494847627220e+01 1.0361395292470441e+02 6.5295058583247908e+01 -1.4671775653030798e-02 1.9161129049577310e-02
3900 7.8860293362874330e+01 1.0507972758041768e+02 6.6887653528128041e+01 -1.3293152766396312e-02 1.9018604772644488e-02
3910 7.9049862215426998e+01 1.0636490242294967e+02 6.7373892160301835e+01 -8.2273526260060979e-03 1.8911727650864907e-02
3920 7.9238545107307246e+01 1.0746729631532733e+02 6.6775342623400206e+01 -3.3487744643795263e-03 1.8837310035144501e-02
3930 7.9426646414413099e+01 1.0823428212652968e+02 6.5240040584397747e+01 5.7226470922826342e-04 1.8790775488064081e-02
3940 7.9614406422657240e+01 1.0875117147331160e+02 6.2891998451287144e+01 5.8435830589508688e-03 1.8768113318339552e-02
3950 7.9801884447515292e+01 1.0900126258302511e+02 5.9716704939547682e+01 1.1967443033534766e-02 1.8732550353764581e-02
3960 7.9989083329246128e+01 1.0893173506446823e+02 5.5879614372186261e+01 1.8398748287767781e-02 1.8713496785390419e-02
3970 8.0176220228572234e+01 1.0854386353668323e+02 5.1346958205748123e+01 2.5096963235487317e-02 1.8715424330810186e-02
3980 8.0363452837447994e+01 1.0788382228990125e+02 4.6166574753023603e+01 2.8236132670862925e-02 1.8732702793758209e-02
3990 8.0550979775816842e+01 1.0692536252063958e+02 4.0475703849207818e+01 3.2779611173901893e-02 1.8772781341242700e-02
4000 8.0739048440337726e+01 1.0572554001920406e+02 3.4297462961928510e+01 3.6728791841066949e-02 1.8838714032339440e-02
4010 8.0927923008029921e+01 1.0438570244877286e+02 2.7658402147381725e+01 3.9395531501651884e-02 1.8931443260292322e-02
4020 8.1117851167427446e+01 1.0296737783376953e+02 2.0587829882531206e+01 4.0371614053145231e-02 1.9044637682802804e-02
4030 8.1308994711098649e+01 1.0149203854348167e+02 1.3191368222194717e+01 3.9965992327026828e-02 1.9173715782654654e-02
4040 8.1501471290939321e+01 1.0009226850070949e+02 5.5085741282120289e+00 3.9379882356837023e-02 1.9309732310498637e-02
4050 8.1695348602247037e+01 9.8794913658287626e+01 -2.3957607136869408e+00 3.7240388521941808e-02 1.9449969004743418e-02
4060 8.1890629926216576e+01 9.7702398812287683e+01 -1.0587191941203201e+01 3.4133592286792053e-02 1.9594863074295536e-02
4070 8.2087480858976889e+01 9.6925347620714419e+01 -1.8758803205924156e+01 2.8920710001977403e-02 1.9760859658430403e-02
4080 8.2286003995626089e+01 9.6518876669937185e+01 -2.6913691266039638e+01 2.4177533599578267e-02 1.9928477475959466e-02
4090 8.2486289389789334e+01 9.6556296694121144e+01 -3.4867726415191171e+01 1.9578900249224245e-02 2.0113952136830360e-02
4100 8.2688293069104603e+01 9.7169865151414953e+01 -4.2427615952708358e+01 1.3647556761523143e-02 2.0220169287494982e-02
4110 8.2888993377290276e+01 9.8294035506425132e+01 -4.9321278418407601e+01 8.0305545033204570e-03 1.9950808559863399e-02
4120 8.3087137225629434e+01 9.9531060515350376e+01 -5.5188432333869414e+01 6.1211087266378975e-03 1.9705791506174658e-02
4130 8.3282951816607650e+01 1.0100106818453699e+02 -5.9953890887011546e+01 2.6356257741750226e-03 1.9483195965447293e-02
4140 8.3476647953055149e+01 1.0257085234733212e+02 -6.3607045416827333e+01 1.1087656475236986e-03 1.9280985012993728e-02
4150 8.3668483188139618e+01 1.0418449263695813e+02 -6.6170215437087236e+01 -5.2381504192725568e-04 1.9108374178956021e-02
4160 8.3858776196384795e+01 1.0567230771567449e+02 -6.7610129029970892e+01 -7.3267204352996833e-05 1.8969790405781353e-02
4170 8.4047877799799309e+01 1.0696178823138399e+02 -6.7925327814312240e+01 2.6804662725921492e-03 1.8866794544599889e-02
4180 8.4236134875412674e+01 1.0805022621799043e+02 -6.7202370987338398e+01 6.5483703134745367e-03 1.8796639173790375e-02
4190 8.4423835028899461e+01 1.0878661825865463e+02 -6.5512045809018829e+01 7.2333462530510869e-03 1.8751475559456870e-02
4200 8.4611221585954581e+01 1.0927837241235440e+02 -6.3029351025940784e+01 1.1023816180296834e-02 1.8729977279833183e-02
4210 8.4798323631169339e+01 1.0947661891523911e+02 -5.9717710139452322e+01 1.3464372362277550e-02 1.8696781149381309e-02
4220 8.4985209210495810e+01 1.0934450107274237e+02 -5.5760178352843461e+01 1.7403719942430319e-02 1.8685958315356372e-02
4230 8.5172089480325710e+01 1.0890531597899385e+02 -5.1103846258557979e+01 2.2846163771707336e-02 1.8691733746101377e-02
4240 8.5359122221222194e+01 1.0817869174184297e+02 -4.5807404508994722e+01 2.1191896188634218e-02 1.8716103773679393e-02
4250 8.5546529841000677e+01 1.0715343092429480e+02 -4.0014418107241497e+01 2.4569479768461744e-02 1.8764761885500844e-02
4260 8.5734564628302309e+01 1.0591006130021533e+02 -3.3752157543419258e+01 2.6173219738638325e-02 1.8838959088388986e-02
4270 8.5923482140250329e+01 1.0451605665599338e+02 -2.7020226702875064e+01 2.4977100496142678e-02 1.8938546159867842e-02
4280 8.6113485961961118e+01 1.0305112192971094e+02 -1.9815735404901783e+01 2.4312737168170229e-02 1.9053243362984664e-02
4290 8.6304726712100816e+01 1.0156571290813507e+02 -1.2340761858260537e+01 2.3451977803383831e-02 1.9182710202871038e-02
4300 8.6497296139384815e+01 1.0012303811651532e+02 -4.5564103250863361e+00 2.0492620660653067e-02 1.9320031494219243e-02
4310 8.6691254331729155e+01 9.8829976318626535e+01 3.4553829159879679e+00 1.6636985872183121e-02 1.9457253463762376e-02
4320 8.6886620936851273e+01 9.7757876900594866e+01 1.1737361659637441e+01 1.2347139476377077e-02 1.9604733261060246e-02
4330 8.7083585071492564e+01 9.7025219424859529e+01 1.9993335503578535e+01 6.6311528206112356e-03 1.9771803763021015e-02
4340 8.7282220028245533e+01 9.6668465893879727e+01 2.8203287721505916e+01 1.6649015869744336e-03 1.9940319006826437e-02
4350 8.7482641141736195e+01 9.6797315709041257e+01 3.6202849387822098e+01 -3.5089962348776242e-03 2.0129565355233893e-02
4360 8.7684566437416422e+01 9.7593314483661175e+01 4.3809945459179012e+01 -9.5546680398118835e-03 2.0161337269470246e-02
4370 8.7884687213408071e+01 9.8693127294458051e+01 5.0629839900918689e+01 -1.3265229113285868e-02 1.9894040699987257e-02
4380 8.8082260608440961e+01 1.0000495678552420e+02 5.6383113003455591e+01 -1.5274825933561225e-02 1.9648797415452269e-02
4390 8.8277478779356258e+01 1.0153675567992578e+02 6.1019956554382219e+01 -1.7138052026032427e-02 1.9421852303493685e-02
4400 8.8470581034133318e+01 1.0314701317813237e+02 6.4548785852811662e+01 -1.8554567795503824e-02 1.9223309168958411e-02
4410 8.8661860669507902e+01 1.0477102899912171e+02 6.6972058141614795e+01 -1.8334918226571718e-02 1.9054833554039224e-02
4420 8.8851642145585046e+01 1.0625890201750222e+02 6.8271764124624880e+01 -1.6469473234966312e-02 1.8920498515134703e-02
4430 8.9040269563059468e+01 1.0752780562382327e+02 6.8432073654824407e+01 -1.2978577295936154e-02 1.8820917168457647e-02
4440 8.9228088380612704e+01 1.0856423366194082e+02 6.7531226641917414e+01 -9.9600671067371725e-03 1.8754547538087106e-02
4450 8.9415413752872425e+01 1.0928966921398793e+02 6.5756300020317667e+01 -5.0221617688312858e-03 1.8719150463680084e-02
4460 8.9602493544057239e+01 1.0975102656285897e+02 6.3153648538343560e+01 -2.8068864341107964e-04 1.8697804654499009e-02
4470 8.9789300326502868e+01 1.0988810738897678e+02 5.9732627832722969e+01 3.3403248926322494e-03 1.8671132753382978e-02
4480 8.9975949633244582e+01 1.0971903516797049e+02 5.5673297188518141e+01 7.9156017523507073e-03 1.8663347873980881e-02
4490 9.0162610217035251e+01 1.0921667096093969e+02 5.0900003919494978e+01 1.0780774191231494e-02 1.8670463417330144e-02
4500 9.0349440464254116e+01 1.0842049343090952e+02 4.5534486345499246e+01 1.3529433511869075e-02 1.8696699524951049e-02
4510 9.0536664692979571e+01 1.0734232441660320e+02 3.9660449396216158e+01 1.5976263861645277e-02 1.8747322293739297e-02
4520 9.0724538179990347e+01 1.0603343613104381e+02 3.3309697959260475e+01 1.7658637162636420e-02 1.8824073387425862e-02
4530 9.0913327468841018e+01 1.0458713550229838e+02 2.6497380063777708e+01 1.6240013784333936e-02 1.8927853248053770e-02
4540 9.1103256041155902e+01 1.0307861556605124e+02 1.9216597658588952e+01 1.4915189956667754e-02 1.9048330774903845e-02
4550 9.1294476957412229e+01 1.0154863588978516e+02 1.1674271876394089e+01 1.2061624468435938e-02 1.9182984121463277e-02
4560 9.1487076352797473e+01 1.0008634999033522e+02 3.8215420090995034e+00 9.1006475519428420e-03 1.9324766242080970e-02
4570 9.1681092054753918e+01 9.8782799570689377e+01 -4.2607653006282291e+00 4.7858117118844152e-03 1.9464188481794559e-02
4580 9.1876551385318095e+01 9.7699175501292601e+01 -1.2574761365952110e+01 -1.0401800508226518e-03 1.9616376337188757e-02
4590 9.2073645319172357e+01 9.7008570037225454e+01 -2.0898909593395427e+01 -7.7684175878743400e-03 1.9784745531393134e-02
4600 9.2272420996157152e+01 9.6683077487959650e+01 -2.9144485852458672e+01 -1.4136056799204764e-02 1.9955906224488680e-02
4610 9.2473020944094870e+01 9.6869183011383726e+01 -3.7154122500431058e+01 -2.0612411577322083e-02 2.0149105812026724e-02
4620 9.2674846190941011e+01 9.7770743658772929e+01 -4.4750056860525937e+01 -2.6548680471345995e-02 2.0117925568228834e-02
4630 9.2874537166440717e+01 9.8887771849588802e+01 -5.1498016826778688e+01 -3.0321085456296935e-02 1.9851476269607645e-02
4640 9.3071698611405409e+01 1.0025100193338878e+02 -5.7146458265672834e+01 -3.2127460229910601e-02 1.9608516838928423e-02
4650 9.3266544099273077e+01 1.0182958514124010e+02 -6.1695567396501644e+01 -3.2639526370568633e-02 1.9385761533812620e-02
4660 9.3459297762022146e+01 1.0346744965889025e+02 -6.5096143740626630e+01 -3.2702954329313236e-02 1.9189587731193874e-02
4670 9.3650254112406458e+01 1.0510811365289615e+02 -6.7417710289259958e+01 -3.1129602677193835e-02 1.9023685382040498e-02
4680 9.3839742472498145e+01 1.0659649280014598e+02 -6.8594138499522529e+01 -2.6113033435626962e-02 1.8892659466613504e-02
4690 9.4028110497658403e+01 1.0785004001498328e+02 -6.8630862060673053e+01 -1.9953436903832288e-02 1.8796533044524499e-02
4700 9.4215703765434839e+01 1.0887402263731381e+02 -6.7638835821917141e+01 -1.2763345020591453e-02 1.8733490355075579e-02
4710 9.4402828431740019e+01 1.0957556581296853e+02 -6.5756852059034372e+01 -8.0262924720523460e-03 1.8697833298744505e-02
4720 9.4589715654717693e+01 1.0997763214169692e+02 -6.3027909047414745e+01 -7.8205212135993251e-04 1.8685464461692211e-02
4730 9.4776478482653118e+01 1.1010081905972467e+02 -5.9523143152710809e+01 5.6752979701657257e-03 1.8666800707597599e-02
4740 9.4963117023972444e+01 1.0988152457678125e+02 -5.5381748247238590e+01 1.2977490103217913e-02 1.8663982691005797e-02
4750 9.5149805750796290e+01 1.0933873197532472e+02 -5.0520626094987414e+01 1.6337508848926697e-02 1.8675548584940298e-02
4760 9.5336722264011769e+01 1.0850017098358389e+02 -4.5063444765482707e+01 2.2456514487265246e-02 1.8708420046393458e-02
4770 9.5524102813119271e+01 1.0738262432953174e+02 -3.9129463917639619e+01 2.5564247101043287e-02 1.8765756060976579e-02
4780 9.5712180914067574e+01 1.0603796324953245e+02 -3.2706771601218250e+01 3.0380832380142171e-02 1.8845822906755939e-02
4790 9.5901192359680238e+01 1.0456550722631150e+02 -2.5797152366344058e+01 3.2283721573144138e-02 1.8948802018181998e-02
4800 9.6091312078252784e+01 1.0304519233038096e+02 -1.8456356230751169e+01 3.2078906211659826e-02 1.9066654289366144e-02
4810 9.6282687525663562e+01 1.0150595536913374e+02 -1.0853388544803291e+01 3.1015305347966520e-02 1.9195822654607939e-02
4820 9.6475398597468995e+01 1.0005519460846899e+02 -2.9479420183949765e+00 2.9121382471348229e-02 1.9333505100853476e-02
4830 9.6669471414925937e+01 9.8753272972504178e+01 5.1887976746190958e+00 2.4479139979162897e-02 1.9468499214030426e-02
4840 9.6864972058621461e+01 9.7717454069951302e+01 1.3583800344296588e+01 1.8344079447601504e-02 1.9620565595859396e-02
4850 9.7062097310093677e+01 9.7079531717386772e+01 2.1916623855187705e+01 1.3963812395939617e-02 1.9786366938130465e-02
4860 9.7260881465512767e+01 9.6809455375982125e+01 3.0163284493563737e+01 8.2983920634148445e-03 1.9956465175627588e-02
4870 9.7461491223334122e+01 9.7065324307257214e+01 3.8193210917291466e+01 1.3288579690028880e-03 2.0150980908059429e-02
4880 9.7663060366649390e+01 9.8017648056509813e+01 4.5852485598392505e+01 -9.9920247535115938e-03 2.0073217972817192e-02
4890 9.7862321502847664e+01 9.9244393535194746e+01 5.2375424867452665e+01 -1.1553776030094809e-02 1.9808842959004411e-02
4900 9.8059041999444020e+01 1.0062519153719111e+02 5.7923992717680363e+01 -1.4689551948959880e-02 1.9562469019105907e-02
4910 9.8253420691106001e+01 1.0222966939658892e+02 6.2363692096633386e+01 -1.6550230532181777e-02 1.9340465725156422e-02
4920 9.8445740310771484e+01 1.0388180865680589e+02 6.5631119181123609e+01 -1.7839307605232467e-02 1.9147860280037454e-02
4930 9.8636301283282265e+01 1.0552389183572454e+02 6.7813504574410260e+01 -1.6923727642223003e-02 1.8986024795475412e-02
4940 9.8825429694095220e+01 1.0700993824722489e+02 6.8887331059864437e+01 -1.1896693148768542e-02 1.8858055999262463e-02
4950 9.9013468329792872e+01 1.0822394600988174e+02 6.8780653366154141e+01 -1.0799902888375902e-02 1.8764966573023407e-02
4960 9.9200763342539204e+01 1.0918044159209870e+02 6.7642944238065837e+01 -8.6634250269882751e-03 1.8705126087759347e-02
