0 0.0000000000000000e+00 1.1748654492409530e+03 0.0000000000000000e+00 0.0000000000000000e+00 2.6633522727272725e-03
10 8.6410479084198494e-02 1.7691972531782494e+02 -4.6133873234285486e-02 2.4441276994413026e-02 1.1417082494290380e-02
20 2.1696593019191740e-01 1.0184469782519994e+02 -2.9341731793212432e-03 3.1284360241393757e-05 1.4076699435361677e-02
30 3.6527447991517392e-01 8.4753835404098453e+01 -1.2011386915028677e-02 1.3908806144653799e-05 1.5304556570087554e-02
40 5.2227940110808535e-01 7.8013414354407416e+01 -2.2700006193413867e-02 3.9812632687714107e-05 1.5966144882610535e-02
50 6.8425297715187738e-01 7.5711368365248873e+01 -3.2186158826847736e-02 2.4922217440703287e-05 1.6368946708695268e-02
60 8.4972595758969871e-01 7.5980034706766247e+01 -4.0491824293027022e-02 -7.5047008481611269e-06 1.6674909072693700e-02
70 1.0177818715115652e+00 7.7779755553332052e+01 -5.2350563855930607e-02 -2.2761199395324553e-05 1.6907939458194705e-02
80 1.1880667915762597e+00 8.0681114155988169e+01 -6.5993523978023508e-02 -2.2527997464519025e-05 1.7126547210617276e-02
90 1.3605138153140435e+00 8.4240165534405875e+01 -8.3344404125679977e-02 -2.3638641271898294e-05 1.7337509330012619e-02
100 1.5349149368226236e+00 8.8194422299418378e+01 -1.0272882786302473e-01 -1.8292551770666599e-05 1.7521880514019025e-02
110 1.7111167567060073e+00 9.2257229506905176e+01 -1.2658589651982896e-01 -6.8449661523953100e-06 1.7700777685938883e-02
120 1.8891275174472648e+00 9.6195113984399057e+01 -1.5407807820248845e-01 1.6813108156828003e-05 1.7884113553327825e-02
130 2.0689994253203166e+00 9.9821259693598392e+01 -1.8720484880808538e-01 6.3488364888371376e-05 1.8072244631436581e-02
140 2.2507836593495312e+00 1.0292939568004162e+02 -2.2655100739498768e-01 1.1218668055106876e-04 1.8266074520642678e-02
150 2.4344792114413440e+00 1.0541018092124031e+02 -2.7429590586242147e-01 1.7967567404940710e-04 1.8452658483880995e-02
160 2.6200037074997753e+00 1.0714774252363148e+02 -3.3244985400869670e-01 2.3986781285335860e-04 1.8633551007110907e-02
170 2.8073194939412733e+00 1.0813671350299008e+02 -4.0159897646910775e-01 2.7330105803081430e-04 1.8811543948858818e-02
180 2.9964084866590999e+00 1.0840669593429526e+02 -4.7889742854497069e-01 2.8462142637288853e-04 1.8988404263587440e-02
190 3.1872605283737734e+00 1.0810304898120967e+02 -5.6662030680298314e-01 2.5928280792857447e-04 1.9164186351461443e-02
200 3.3798475641249208e+00 1.0737106806414842e+02 -6.6442980907913485e-01 2.2088239855003658e-04 1.9334051029715794e-02
210 3.5740619968186049e+00 1.0634609682143200e+02 -7.7611915512672180e-01 1.7493004749507860e-04 1.9491226214025919e-02
220 3.7697938326625078e+00 1.0515904353087089e+02 -9.0118613766101985e-01 1.3065205751775318e-04 1.9639180664610092e-02
230 3.9669708283097300e+00 1.0391820761429736e+02 -1.0407601368554231e+00 9.1408550420062057e-05 1.9781163122660463e-02
240 4.1655404759569175e+00 1.0267945247150510e+02 -1.1998887361868065e+00 5.5043805227925009e-05 1.9918298840883863e-02
250 4.3654551313692966e+00 1.0147762340534676e+02 -1.2275522177317972e+00 -1.9095092931914999e-04 2.0050281474517571e-02
260 4.5666510317421576e+00 1.0032876075647638e+02 -1.2848203341620450e+00 5.6367136701165691e-05 2.0175441584564302e-02
270 4.7690674603461405e+00 9.9262867661031862e+01 -1.3335760267838024e+00 2.0709688407609760e-05 2.0294568817744239e-02
280 4.9726305777400102e+00 9.8268187915345436e+01 -1.3748232472056816e+00 5.9117715534429101e-05 2.0405947480197629e-02
290 5.1772809271307008e+00 9.7325177347922846e+01 -1.4380715240326196e+00 4.0285904429253783e-04 2.0512887424289028e-02
300 5.3829845510874250e+00 9.6435450320668380e+01 -1.2215438039065925e+00 5.8724513017027319e-05 2.0617021806502923e-02
310 5.5897168744590111e+00 9.5586665353549961e+01 -1.1438708332934548e+00 3.6617295012251908e-04 2.0718924416473088e-02
320 5.7974574844569604e+00 9.4769535863015136e+01 -1.0383342146409289e+00 3.4363564941928198e-04 2.0818760131580495e-02
330 6.0061768888553697e+00 9.3980902194178583e+01 -8.1588844856193343e-01 2.5187919727666521e-04 2.0914748235085667e-02
340 6.2158324543012569e+00 9.3205029468692672e+01 -5.6740331119226317e-01 1.7849571022565176e-04 2.1006670047821099e-02
350 6.4263931728695285e+00 9.2443246034919312e+01 -3.2624909091316867e-01 1.2580973473003441e-04 2.1096203294121280e-02
360 6.6378353165962052e+00 9.1825835883127795e+01 -9.8420219318518479e-02 3.4478941748144263e-03 2.1183045210875620e-02
370 6.8501325138316878e+00 9.1157646482181661e+01 2.1502004096566046e-01 -2.2609699132989328e-03 2.1267663171181835e-02
380 7.0632657195050754e+00 9.0574018606962341e+01 5.9540784738697983e-01 -8.8479422830142664e-08 2.1349763581582429e-02
390 7.2771794151603748e+00 9.0030633843301402e+01 9.5658867516311319e-01 -8.6372121022875849e-05 2.1424643730411030e-02
400 7.4918224450733710e+00 8.9529158044050575e+01 1.3273111291705928e+00 -3.9062807405102591e-04 2.1496452413632378e-02
410 7.7071603069679222e+00 8.9065444258015518e+01 1.6863945987413673e+00 -3.1043533050048355e-04 2.1563649290938059e-02
420 7.9231534747327359e+00 8.8635354847499528e+01 2.0590812512386973e+00 -4.1284681694141721e-04 2.1628367525791971e-02
430 8.1397920684924099e+00 8.8238986400446876e+01 2.4132840028754434e+00 -4.9779175375262751e-04 2.1692954674691171e-02
440 8.3570787857851787e+00 8.7859405928870387e+01 2.7686140976688427e+00 -6.1089683471738201e-04 2.1757927460725180e-02
450 8.5750168444951260e+00 8.7499409549493322e+01 3.1265338203393367e+00 -7.2372609423543581e-04 2.1823185654456703e-02
460 8.7935796302519762e+00 8.7162125431196984e+01 3.4620643447682831e+00 -1.6663253704618224e-03 2.1881968296746594e-02
470 9.0126829893782610e+00 8.6842308777323225e+01 3.7132363332974823e+00 -9.9856877600747055e-04 2.1933094585163137e-02
480 9.2322880976657959e+00 8.6462142911887582e+01 3.9755419505659053e+00 -1.0722226423801301e-03 2.1982510932840534e-02
490 9.4523754779050559e+00 8.6115898738199220e+01 4.1866507528276813e+00 -5.1600467471249250e-04 2.2030001376450989e-02
500 9.6729315522279862e+00 8.5788933700325828e+01 4.3840264239539009e+00 -4.4495836392158971e-04 2.2076435373664712e-02
510 9.8939490503965946e+00 8.5471902166585110e+01 4.5542311458498661e+00 -1.1471539645371686e-03 2.2122418117259089e-02
520 1.0115425407674694e+01 8.5164495979254440e+01 4.7086846370445432e+00 -1.3598632085009632e-03 2.2168247509073827e-02
530 1.0337358860470809e+01 8.4850269420676412e+01 4.7926819144376163e+00 -1.5495157939768203e-03 2.2213826587955083e-02
540 1.0559749771031925e+01 8.4542544607477566e+01 4.8456657204678990e+00 -1.7444229764960485e-03 2.2259919492544480e-02
550 1.0782607047043216e+01 8.4231399478761858e+01 4.8653778585989818e+00 -1.7332372696625816e-03 2.2306985549191860e-02
560 1.1005940539828190e+01 8.3920871325000547e+01 4.8442956135294946e+00 -1.8469751297498979e-03 2.2355092313289901e-02
570 1.1229762601585819e+01 8.3607752843658304e+01 4.7776228061442714e+00 -1.5444986747639789e-03 2.2404572935551662e-02
580 1.1454086319875659e+01 8.3329728033229600e+01 4.6560561875404005e+00 -2.8261101719282808e-03 2.2455298721881789e-02
590 1.1678918100737766e+01 8.3020388838188353e+01 4.5129602574547834e+00 -3.0560271231490094e-03 2.2505863617887235e-02
600 1.1904253591549848e+01 8.2710826686089518e+01 4.3393655810203811e+00 -2.9842388935156397e-03 2.2556242429964176e-02
610 1.2130094048846528e+01 8.2399174832692864e+01 4.1265552327853712e+00 -2.6866979173529740e-03 2.2606738438222730e-02
620 1.2356438640643077e+01 8.2093957693760956e+01 3.8859825470449318e+00 -2.4129013255649546e-03 2.2657178586111965e-02
630 1.2583289909949780e+01 8.1785000261024067e+01 3.6162936287955034e+00 -2.5060623949570361e-03 2.2708071002072335e-02
640 1.2810652904272811e+01 8.1479519967824160e+01 3.3215985568582265e+00 -2.5116629872852193e-03 2.2759510658866687e-02
650 1.3038532729907137e+01 8.1191132483315954e+01 2.9860547616566464e+00 -2.3350348151455064e-03 2.2811222506322983e-02
660 1.3266928453913330e+01 8.0898185798540467e+01 2.6334550013340481e+00 -2.4350696774259307e-03 2.2862775552945747e-02
670 1.3495840581313161e+01 8.0596239741116278e+01 2.2395745767907402e+00 -1.7926222446899541e-03 2.2914532426804128e-02
680 1.3725271088591917e+01 8.0324427696435322e+01 1.7821022475603130e+00 -1.3347385998432443e-03 2.2966213953732967e-02
690 1.3955212098489474e+01 8.0038697748625935e+01 1.3217190596660129e+00 -1.1191643090984497e-03 2.3016811113990690e-02
700 1.4185658746388135e+01 7.9780666136936389e+01 8.7397542104691672e-01 -1.1781551015645393e-03 2.3067581404072737e-02
710 1.4416617112976786e+01 7.9537387043432446e+01 4.2717447608184883e-01 2.7471081624771585e-04 2.3119114474618584e-02
720 1.4648094149101604e+01 7.9304676215418681e+01 -3.1317729617936177e-02 6.6131895882012902e-04 2.3171108938083843e-02
730 1.4880089026709651e+01 7.9072159532448566e+01 -5.1685561448510486e-01 1.7466046524160703e-03 2.3222131395074071e-02
740 1.5112560233295122e+01 7.8857219616415492e+01 -1.0149026021655017e+00 1.8548608689263999e-03 2.3266795961309580e-02
750 1.5345456853296314e+01 7.8622783839767422e+01 -1.5037045549059243e+00 1.7846966926984246e-03 2.3308081477511275e-02
760 1.5578757508988726e+01 7.8411716471926795e+01 -1.9921068098364860e+00 1.4212538278373294e-03 2.3347793663114923e-02
770 1.5812446779011891e+01 7.8212999482790778e+01 -2.4820441922687952e+00 1.8856050409517715e-03 2.3386089963585228e-02
780 1.6046512417562809e+01 7.8025425769532021e+01 -2.9414779467663057e+00 2.8922443416573005e-03 2.3421892514438873e-02
790 1.6280853783561568e+01 7.7857800516747673e+01 -3.3783049758997699e+00 2.9805585883289740e-03 2.3442211960300781e-02
800 1.6515344850170358e+01 7.7684672346405620e+01 -3.7847087060741509e+00 2.9042866222541795e-03 2.3453968408541463e-02
810 1.6749931459753324e+01 7.7518503884037131e+01 -4.1563616133588459e+00 3.1219812981430166e-03 2.3462186410448459e-02
820 1.6984592030181716e+01 7.7376069182103848e+01 -4.4965333778441900e+00 3.2567738006667821e-03 2.3469148387684172e-02
830 1.7219321796894715e+01 7.7219149990393248e+01 -4.7949930691591263e+00 3.4445716865594850e-03 2.3476195388660501e-02
840 1.7454126973464081e+01 7.7064425799645576e+01 -5.0483985236702686e+00 3.5150397733928274e-03 2.3484246501163968e-02
850 1.7689020932674261e+01 7.6912755850489958e+01 -5.2492719954196030e+00 3.8960814744131091e-03 2.3494041562076042e-02
860 1.7924027621959322e+01 7.6779604546544107e+01 -5.4038771620563510e+00 3.9393768674983228e-03 2.3506421829470034e-02
870 1.8159169325862784e+01 7.6637792666253816e+01 -5.5195834888399160e+00 3.3233923537461653e-03 2.3520857183466949e-02
880 1.8394464226234124e+01 7.6517547302484033e+01 -5.5765288303843334e+00 3.4024605009984471e-03 2.3536483634007187e-02
890 1.8629917929618010e+01 7.6402910001673206e+01 -5.5477900176866219e+00 3.2090482128539805e-03 2.3552868528200443e-02
900 1.8865544878016120e+01 7.6289971332383104e+01 -5.4577853562582357e+00 3.2183078458922574e-03 2.3570861990848676e-02
910 1.9101356343622971e+01 7.6180035553691397e+01 -5.3089772820105026e+00 2.8589139943545620e-03 2.3589745316033840e-02
920 1.9337364955465215e+01 7.6065852455173712e+01 -5.0952422728322029e+00 2.7399941362770321e-03 2.3610202010541152e-02
930 1.9573588436177573e+01 7.5959367936738374e+01 -4.8124374302256223e+00 2.5656194041607560e-03 2.3632627567025371e-02
940 1.9810050225164282e+01 7.5847881843568231e+01 -4.4732818821126026e+00 2.3747435872825250e-03 2.3657719833395725e-02
950 2.0046780269778377e+01 7.5744930729578314e+01 -4.0755172331654901e+00 1.9913692628862195e-03 2.3686006655288343e-02
960 2.0283811583343276e+01 7.5654257468069545e+01 -3.5903892993677058e+00 1.1577959511027136e-03 2.3717676707103372e-02
970 2.0521172370307927e+01 7.5550310511308709e+01 -3.0680384271025161e+00 7.9566871566545444e-04 2.3750329635096160e-02
980 2.0758835594470220e+01 7.5459101126061455e+01 -2.5105015407534150e+00 2.6004300764217471e-04 2.3779160359465378e-02
990 2.0996782690957570e+01 7.5342080025607515e+01 -1.9077784220785423e+00 -5.3760526002251830e-04 2.3807449462050868e-02
1000 2.1235016139477224e+01 7.5230025231585103e+01 -1.2614572581533090e+00 -1.0519789098784895e-03 2.3836539967593336e-02
1010 2.1473538796174083e+01 7.5124245717629037e+01 -5.8340891313732324e-01 -1.7930946606163941e-03 2.3864644054157523e-02
1020 2.1712326881024637e+01 7.5013538299437883e+01 1.2367090978181375e-01 -2.4220964142117303e-03 2.3890056703470872e-02
1030 2.1951362352166516e+01 7.4898924806445280e+01 8.7146731382111742e-01 -2.8454434867766797e-03 2.3914642709030463e-02
1040 2.2190647347672929e+01 7.4798428781219386e+01 1.6304248858202695e+00 -3.6520865866054597e-03 2.3939999283171882e-02
1050 2.2430192528297361e+01 7.4706656608826293e+01 2.3815316229603738e+00 -4.5760762487719112e-03 2.3966610392305087e-02
1060 2.2670012377089943e+01 7.4606708832279139e+01 3.1507810239135559e+00 -5.3764543266239693e-03 2.3994785515259482e-02
1070 2.2910122284827999e+01 7.4499501606323889e+01 3.9385827541245755e+00 -5.4263379012868783e-03 2.4024474459453434e-02
1080 2.3150537094630270e+01 7.4403386505868269e+01 4.7154303283735297e+00 -7.3987813992535305e-03 2.4055606832757384e-02
1090 2.3391246429531471e+01 7.4330764419252802e+01 5.4834294322637041e+00 -8.2734417907663841e-03 2.4078961996314294e-02
1100 2.3631953511629046e+01 7.4276696928183839e+01 6.2317490827291646e+00 -9.1854909306177176e-03 2.4058733054009244e-02
1110 2.3872385527016565e+01 7.4219884404628914e+01 6.9528002410981307e+00 -1.0238441934459590e-02 2.4030439313048678e-02
1120 2.4112532667839194e+01 7.4159079030157713e+01 7.6397642898409295e+00 -1.1860099335131881e-02 2.4001842383350958e-02
1130 2.4352394188838041e+01 7.4102487271843287e+01 8.2843474590384840e+00 -1.2825284973375681e-02 2.3973380834108216e-02
1140 2.4591974124457369e+01 7.4056133349359513e+01 8.8810604465310483e+00 -1.4377021391830291e-02 2.3945530256943553e-02
1150 2.4831282686082972e+01 7.4016461369139577e+01 9.4198420051868705e+00 -1.5858427285002970e-02 2.3919158286439909e-02
1160 2.5070337015190500e+01 7.3988896200222655e+01 9.8894903287524123e+00 -1.7735190947103623e-02 2.3894171698401787e-02
1170 2.5309158136649408e+01 7.3971675892260151e+01 1.0288531282606142e+01 -1.9239497471147258e-02 2.3872520398501532e-02
1180 2.5547774043530772e+01 7.3958417883996049e+01 1.0614514666464357e+01 -2.1016791126162455e-02 2.3853058537181431e-02
1190 2.5786209455650610e+01 7.3941037105166174e+01 1.0856317792264448e+01 -2.2429071059458041e-02 2.3836275538639155e-02
1200 2.6024499483275555e+01 7.3939949906599665e+01 1.1006957094136453e+01 -2.4431326118734113e-02 2.3823856202424415e-02
1210 2.6262689691593675e+01 7.3940956606150891e+01 1.1062575343376084e+01 -2.6029454130542699e-02 2.3815658878294309e-02
1220 2.6500821690500327e+01 7.3951443840965979e+01 1.1019544495197309e+01 -2.7301119339754595e-02 2.3811929412910153e-02
1230 2.6738936602301543e+01 7.3980306168474115e+01 1.0893693773510899e+01 -2.9026102160702911e-02 2.3811201529275287e-02
1240 2.6977053011458363e+01 7.3996657715109350e+01 1.0639604068033272e+01 -3.0362809472865994e-02 2.3812266406142729e-02
1250 2.7215195386942515e+01 7.4009448004950613e+01 1.0271016980409126e+01 -3.2044267180151680e-02 2.3816451323215193e-02
1260 2.7453402818601553e+01 7.4022408467657243e+01 9.8003398477679813e+00 -3.3855093160685239e-02 2.3824932622203608e-02
1270 2.7691720086559929e+01 7.4037150086259899e+01 9.2268185228884185e+00 -3.5725293126893411e-02 2.3837968817628827e-02
1280 2.7930193017911204e+01 7.4049409638090694e+01 8.5436847551334232e+00 -3.7477078251088619e-02 2.3855663972710744e-02
1290 2.8168870839507512e+01 7.4059365737818538e+01 7.7580138736524571e+00 -3.9020954391600485e-02 2.3878486567378617e-02
1300 2.8407807055066922e+01 7.4066794818511156e+01 6.8781263354357298e+00 -4.0741360522184661e-02 2.3906883775902350e-02
1310 2.8647060037794262e+01 7.4068395517336697e+01 5.9112216978337644e+00 -4.2345365694716718e-02 2.3941265223152441e-02
1320 2.8886689213310429e+01 7.4072104590396776e+01 4.8646781408610771e+00 -4.4112944169418036e-02 2.3981479317496463e-02
1330 2.9126749820498446e+01 7.4085396854960706e+01 3.7414747156621830e+00 -4.5715935636755571e-02 2.4026918509556617e-02
1340 2.9367290698425798e+01 7.4092987870898568e+01 2.5521768689537807e+00 -4.7410165320344345e-02 2.4077013481617178e-02
1350 2.9608354365092886e+01 7.4073048754914922e+01 1.2946177496565254e+00 -4.9917540458187568e-02 2.4130353360641114e-02
1360 2.9849933536107020e+01 7.4081237631924353e+01 1.4891414682354021e-03 -5.1343050700642406e-02 2.4180102255949364e-02
1370 3.0092003778954641e+01 7.4107480408243063e+01 -1.3341423724790979e+00 -5.3601593910972779e-02 2.4229154816422519e-02
1380 3.0334570848967893e+01 7.4146265699217793e+01 -2.6897215579818354e+00 -5.5488765423031224e-02 2.4279510785121229e-02
1390 3.0577566669513494e+01 7.4246537071285331e+01 -4.0645825019922412e+00 -5.8036185395729176e-02 2.4296193566170337e-02
1400 3.0820045256929124e+01 7.4324435652093428e+01 -5.4417008138300460e+00 -6.0723022397111560e-02 2.4208427554973433e-02
1410 3.1061652997921097e+01 7.4387373337743540e+01 -6.7907120076060767e+00 -6.3300365717937221e-02 2.4121708431315066e-02
1420 3.1302396037760204e+01 7.4467932460266582e+01 -8.0990828072975489e+00 -6.5360680449648684e-02 2.4035877031881148e-02
1430 3.1542291397259682e+01 7.4573465148021882e+01 -9.3527923482989568e+00 -6.8373235578448710e-02 2.3951909880190757e-02
1440 3.1781359287827499e+01 7.4697922388985134e+01 -1.0542637489936869e+01 -7.1768414075207454e-02 2.3870130171887771e-02
1450 3.2019620569521784e+01 7.4845279066161282e+01 -1.1645553938394544e+01 -7.5905139018441814e-02 2.3790514922714751e-02
1460 3.2257097465240157e+01 7.5018523548225232e+01 -1.2653965315609605e+01 -8.0014306834908594e-02 2.3713118457717758e-02
1470 3.2493818827886834e+01 7.5212885002546031e+01 -1.3550952978390477e+01 -8.3756244594988191e-02 2.3639150293515349e-02
1480 3.2729826202551557e+01 7.5420091976295922e+01 -1.4320378669021823e+01 -8.8835999424391368e-02 2.3570159330923868e-02
1490 3.2965177999114076e+01 7.5634729447936820e+01 -1.4945683232743569e+01 -9.3128319171630641e-02 2.3507618666282117e-02
1500 3.3199942785591375e+01 7.5862547535918623e+01 -1.5419479731016066e+01 -9.7970918372375496e-02 2.3452112818126654e-02
1510 3.3434191201355588e+01 7.6108939908569809e+01 -1.5731393906376523e+01 -1.0347690803663122e-01 2.3403488012622074e-02
1520 3.3667993187032458e+01 7.6359769885145226e+01 -1.5870940546962808e+01 -1.0901651614463362e-01 2.3362298439109915e-02
1530 3.3901427559203242e+01 7.6609660743940822e+01 -1.5830299419260200e+01 -1.1456160135010775e-01 2.3329304425465776e-02
1540 3.4134580243098270e+01 7.6858599300773250e+01 -1.5601781302274741e+01 -1.2039817278419233e-01 2.3305015549428085e-02
1550 3.4367529167329963e+01 7.7102064201309389e+01 -1.5178330181375925e+01 -1.2628362652167832e-01 2.3287490189372512e-02
1560 3.4600330934972121e+01 7.7329012807651438e+01 -1.4557784514145347e+01 -1.3251387462243364e-01 2.3275603125999578e-02
1570 3.4833061568937325e+01 7.7553087211533622e+01 -1.3751513996770420e+01 -1.3864983341438386e-01 2.3272122007477501e-02
1580 3.5065789152530044e+01 7.7769939643596430e+01 -1.2763640350073079e+01 -1.4494232184507491e-01 2.3273904068619455e-02
1590 3.5298563423468444e+01 7.7969469575668796e+01 -1.1590432227720390e+01 -1.5024531435447383e-01 2.3281343733636536e-02
1600 3.5531452276593683e+01 7.8162568534129903e+01 -1.0231494934103225e+01 -1.5585832732620963e-01 2.3296170282438296e-02
1610 3.5764533361422089e+01 7.8338077061248754e+01 -8.6874592594625337e+00 -1.6156004750448991e-01 2.3319148576970646e-02
1620 3.5997891212458775e+01 7.8483932538173974e+01 -6.9985023396512211e+00 -1.6665549867101978e-01 2.3350698507241561e-02
1630 3.6231610856242263e+01 7.8642897434670090e+01 -5.1651092767859534e+00 -1.7170980863929719e-01 2.3390506481352175e-02
1640 3.6465767981195263e+01 7.8822074687007316e+01 -3.1979501343381136e+00 -1.7609671211763558e-01 2.3437284740889297e-02
1650 3.6700424895534439e+01 7.9016667026933504e+01 -1.1256285810424260e+00 -1.8058529089779204e-01 2.3489172236610841e-02
1660 3.6935599965206244e+01 7.9227161932550388e+01 1.0204935238719783e+00 -1.8567636972010870e-01 2.3540888102651175e-02
1670 3.7170847692910854e+01 7.9575785182936485e+01 3.2247116164977756e+00 -1.9062259471800400e-01 2.3467400848250431e-02
1680 3.7404638064968303e+01 7.9836016942348607e+01 5.4204794138118526e+00 -1.9675174066806303e-01 2.3307450935025353e-02
1690 3.7636858692250485e+01 8.0113315045969529e+01 7.5743619971595457e+00 -2.0131168007600353e-01 2.3152883906542958e-02
1700 3.7867563570881295e+01 8.0410158828994085e+01 9.6377441299356388e+00 -2.0649427165910594e-01 2.3004025710096996e-02
1710 3.8096818466824402e+01 8.0745233017263558e+01 1.1572930112687763e+01 -2.1272627955519552e-01 2.2862513584744941e-02
1720 3.8324711021750524e+01 8.1113215983484139e+01 1.3349305857023698e+01 -2.1797850168188937e-01 2.2731161202016795e-02
1730 3.8551354000051461e+01 8.1508381837110832e+01 1.4938111743703375e+01 -2.2436642897878717e-01 2.2611494615203925e-02
1740 3.8776872129398541e+01 8.1918882152457556e+01 1.6303755404748188e+01 -2.3104749667697333e-01 2.2505106784435638e-02
1750 3.9001402449550348e+01 8.2331439978493520e+01 1.7424983779037838e+01 -2.3858941677828885e-01 2.2412249491965585e-02
1760 3.9225078904870834e+01 8.2744354580028329e+01 1.8282974582511354e+01 -2.4593849862814601e-01 2.2333416455633758e-02
1770 3.9448050997607055e+01 8.3139477343211453e+01 1.8853237865804903e+01 -2.5297034762164394e-01 2.2269849554557866e-02
1780 3.9670471599843182e+01 8.3521558028955837e+01 1.9128887952271047e+01 -2.5971316219395418e-01 2.2221683284162908e-02
1790 3.9892496030639798e+01 8.3868452261361938e+01 1.9114090910142220e+01 -2.6666123163076610e-01 2.2189023312796680e-02
1800 4.0114279941576662e+01 8.4191047727640964e+01 1.8792130269383456e+01 -2.7285840655613791e-01 2.2172214540172784e-02
1810 4.0335982637007980e+01 8.4478794507127731e+01 1.8187391595858667e+01 -2.7754822466543327e-01 2.2170206378950952e-02
1820 4.0557709322930414e+01 8.4729447265310768e+01 1.7288151006742911e+01 -2.8216785796576832e-01 2.2176125985982332e-02
1830 4.0779555095818814e+01 8.4955377612475800e+01 1.6110423574354829e+01 -2.8594005830689939e-01 2.2193140149217114e-02
1840 4.1001631111875938e+01 8.5138675740534396e+01 1.4668361478495278e+01 -2.8950728325848202e-01 2.2221244503590334e-02
1850 4.1224056671209453e+01 8.5292009927322695e+01 1.2985635870287613e+01 -2.9214392630751990e-01 2.2261920977298542e-02
1860 4.1446958335051917e+01 8.5421646542619541e+01 1.1076507087700342e+01 -2.9293381929666157e-01 2.2315022339822726e-02
1870 4.1670427345432948e+01 8.5532436720507519e+01 8.9664830760537342e+00 -2.9298935527647207e-01 2.2373175494466012e-02
1880 4.1894486449887630e+01 8.5638557109729788e+01 6.6871787407712437e+00 -2.9214742931635840e-01 2.2432839568265611e-02
1890 4.2119140474525068e+01 8.5748772212458206e+01 4.2662620457585776e+00 -2.9048910274583611e-01 2.2491840836277602e-02
1900 4.2344378640438698e+01 8.5861574944601941e+01 1.7473328748000381e+00 -2.8825055486792911e-01 2.2549934694107359e-02
1910 4.2570185906777063e+01 8.5995401916337443e+01 -8.3823065276983866e-01 -2.8431281354655630e-01 2.2600543105673398e-02
1920 4.2795512674052141e+01 8.6229885363164826e+01 -3.4460715444809193e+00 -2.8084843392733505e-01 2.2464888148839873e-02
1930 4.3019365923050401e+01 8.6378371617668179e+01 -5.9938117200838823e+00 -2.7640783788894818e-01 2.2321676006199068e-02
1940 4.3241843992013898e+01 8.6556864432409071e+01 -8.4523166107404855e+00 -2.7139044306496674e-01 2.2189175037428691e-02
1950 4.3463059019307998e+01 8.6764320406214367e+01 -1.0779043271632274e+01 -2.6686215295815857e-01 2.2067886336213358e-02
1960 4.3683128126211933e+01 8.6999173329199593e+01 -1.2921175058518630e+01 -2.6250784997733034e-01 2.1958922314389260e-02
1970 4.3902181569119563e+01 8.7253970958666173e+01 -1.4846831861572710e+01 -2.5723287428693792e-01 2.1863668921935722e-02
1980 4.4120363758595502e+01 8.7519489075468073e+01 -1.6531562459511893e+01 -2.5273139975337466e-01 2.1783292356252277e-02
1990 4.4337826250666112e+01 8.7792673584598163e+01 -1.7926164749382860e+01 -2.4845762197959709e-01 2.1718297963505211e-02
2000 4.4554725817024590e+01 8.8062259090341556e+01 -1.9022833065431147e+01 -2.4388737381117759e-01 2.1669136741847634e-02
2010 4.4771222396871572e+01 8.8312269669096395e+01 -1.9800988091168175e+01 -2.4000754833275689e-01 2.1636105430330500e-02
2020 4.4987477337473749e+01 8.8553089051629058e+01 -2.0261235937342459e+01 -2.3583555434099807e-01 2.1619192949431817e-02
2030 4.5203644451000329e+01 8.8752520535082652e+01 -2.0379796488150422e+01 -2.3183382460823002e-01 2.1615971035319946e-02
2040 4.5419819744055957e+01 8.8938758589726731e+01 -2.0173087104287013e+01 -2.2734167469411279e-01 2.1620023473640483e-02
2050 4.5636089703709935e+01 8.9066609424671455e+01 -1.9644305649984499e+01 -2.2249954799194271e-01 2.1634599342001778e-02
2060 4.5852578686818660e+01 8.9159638281769460e+01 -1.8806165943377014e+01 -2.1718233086705335e-01 2.1662719490940629e-02
2070 4.6069427276800134e+01 8.9210757148642074e+01 -1.7650078893161858e+01 -2.1110615324169532e-01 2.1705145424492450e-02
2080 4.6286707014386216e+01 8.9248267686433437e+01 -1.6225514464119229e+01 -2.0464582538889747e-01 2.1742844768961267e-02
2090 4.6504229629762285e+01 8.9256883974072551e+01 -1.4541339224806082e+01 -1.9840060066691773e-01 2.1756502293753182e-02
2100 4.6721797940766159e+01 8.9225813044920500e+01 -1.2619533602129030e+01 -1.9033790403159115e-01 2.1754848691118447e-02
2110 4.6939275173123477e+01 8.9158624254528760e+01 -1.0494896959978615e+01 -1.8239118844720822e-01 2.1743816794951687e-02
2120 4.7156711599572866e+01 8.9082460863389997e+01 -8.1947405274818106e+00 -1.7278537627932219e-01 2.1744420290659365e-02
2130 4.7374195958815555e+01 8.9001004404036422e+01 -5.7305688096758676e+00 -1.6328826605330879e-01 2.1753385375820531e-02
2140 4.7591837564014476e+01 8.8930936535491142e+01 -3.1554728741958318e+00 -1.5319091407385094e-01 2.1775057037492006e-02
2150 4.7809773613332801e+01 8.8873016925158566e+01 -5.1630883226674684e-01 -1.4253249550848987e-01 2.1810884963063354e-02
2160 4.8028137872844759e+01 8.8849465262965353e+01 2.1735087391984753e+00 -1.3138548553814713e-01 2.1859117053409139e-02
2170 4.8247051509108815e+01 8.8858474276794624e+01 4.8583719419425142e+00 -1.2005530359717387e-01 2.1919630684109622e-02
2180 4.8466605845661661e+01 8.8936038139689984e+01 7.4941805779236308e+00 -1.0952586933841028e-01 2.1976871968009088e-02
2190 4.8685920299100005e+01 8.9113474148210116e+01 1.0050211529190719e+01 -9.8981781764955382e-02 2.1882728104235197e-02
2200 4.8904186659537835e+01 8.9234834036811165e+01 1.2449912596581958e+01 -8.9428212145754707e-02 2.1782462784986620e-02
2210 4.9121519305713107e+01 8.9381736996025325e+01 1.4639370195732747e+01 -8.0986859646859713e-02 2.1695050036127924e-02
2220 4.9338052241744442e+01 8.9558423211915567e+01 1.6602500983575982e+01 -7.4023908883418268e-02 2.1621103557098991e-02
2230 4.9553919265442779e+01 8.9742659264598970e+01 1.8298301290535626e+01 -6.8369321867104177e-02 2.1560641765589500e-02
2240 4.9769260336112758e+01 8.9933114746471816e+01 1.9698138274717795e+01 -6.3331565576618482e-02 2.1514551567648789e-02
2250 4.9984222289451424e+01 9.0119832396105053e+01 2.0785238197815442e+01 -5.9237221100821406e-02 2.1483483512397490e-02
2260 5.0198958737350488e+01 9.0289977701060650e+01 2.1530580874824945e+01 -5.6530863250211165e-02 2.1467936844869900e-02
2270 5.0413621852654593e+01 9.0446970654991176e+01 2.1936501809444461e+01 -5.3082513790794060e-02 2.1466297200121737e-02
2280 5.0628303683794293e+01 9.0570877695868660e+01 2.1994022359029739e+01 -4.9875807932296977e-02 2.1470920680207308e-02
2290 5.0843087488085288e+01 9.0662307034560484e+01 2.1693398900307258e+01 -4.7052128762259338e-02 2.1486397613259687e-02
2300 5.1057851817262502e+01 9.0749178692471858e+01 2.1075892952744418e+01 -4.4757028930449493e-02 2.1457086885719283e-02
2310 5.1272115964520069e+01 9.0753875631576037e+01 2.0120750708609673e+01 -4.2352211510764209e-02 2.1399963969536404e-02
2320 5.1485844314875330e+01 9.0716902605559227e+01 1.8850797215079478e+01 -3.9619227616991888e-02 2.1353156800732732e-02
2330 5.1699197525707326e+01 9.0640350534497799e+01 1.7299043025407865e+01 -3.6575189007871066e-02 2.1323255812931069e-02
2340 5.1912345216690092e+01 9.0532900443478425e+01 1.5483161852089747e+01 -3.3399828673866094e-02 2.1310405202784443e-02
2350 5.2125445380317096e+01 9.0401507296478428e+01 1.3422226599271154e+01 -2.9470353446016763e-02 2.1310357751898514e-02
2360 5.2338577405084287e+01 9.0264851958261673e+01 1.1153293334718271e+01 -2.4757097125270907e-02 2.1317072088878581e-02
2370 5.2551842123483944e+01 9.0113986816481770e+01 8.7006227481337088e+00 -2.0052380919189036e-02 2.1336338893116528e-02
2380 5.2765382253698775e+01 8.9975134449313515e+01 6.0752820218283921e+00 -1.3697169189640982e-02 2.1370832157322436e-02
2390 5.2979354409480450e+01 8.9851576647008457e+01 3.3263528797406332e+00 -6.4392321456950615e-03 2.1421180868496911e-02
2400 5.3193915678124576e+01 8.9758135505793319e+01 4.9733138974637409e-01 9.2168622410221737e-04 2.1486816245699598e-02
2410 5.3409198736977245e+01 8.9704311683160483e+01 -2.3912984208255570e+00 8.2131385761826450e-03 2.1563901234446344e-02
2420 5.3625315578082180e+01 8.9689761340814485e+01 -5.2848376043498151e+00 1.5327151144686014e-02 2.1652511286818627e-02
2430 5.3842158017857351e+01 8.9783208229342335e+01 -8.1502985148084033e+00 2.2433007358484525e-02 2.1696212268987110e-02
2440 5.4058835569074191e+01 8.9921287501733559e+01 -1.0932781231701696e+01 2.8492173424215884e-02 2.1638839043938516e-02
2450 5.4274852416053889e+01 9.0051496927814199e+01 -1.3547892433485693e+01 3.3001453938246120e-02 2.1572324455798847e-02
2460 5.4490267027197447e+01 9.0210441702596626e+01 -1.5958499097474743e+01 3.6645952548087113e-02 2.1518470627260144e-02
2470 5.4705225765497573e+01 9.0411112494504579e+01 -1.8129822533886617e+01 3.8407997579112146e-02 2.1479651792517634e-02
2480 5.4919841121403962e+01 9.0645228908604395e+01 -2.0024736361584480e+01 3.9276731423116940e-02 2.1440353669832303e-02
2490 5.5133965108797582e+01 9.0867357260563608e+01 -2.1601378115962675e+01 3.8463171957617559e-02 2.1391955875511490e-02
2500 5.5347694370021706e+01 9.1082206676787351e+01 -2.2829115831953239e+01 3.6870665297018171e-02 2.1359863651555410e-02
2510 5.5561195236215987e+01 9.1279043594699417e+01 -2.3692803496751001e+01 3.3948647650135132e-02 2.1344645164839002e-02
2520 5.5774631060718903e+01 9.1457479236146796e+01 -2.4178567611592044e+01 3.0739897136854013e-02 2.1343972920974858e-02
2530 5.5988089380485121e+01 9.1616660541128724e+01 -2.4285424298514279e+01 2.8171245331884351e-02 2.1341832008112734e-02
2540 5.6201061820722877e+01 9.1753398491658672e+01 -2.4016041829476560e+01 2.5188149638729642e-02 2.1261015623884674e-02
2550 5.6413284387058098e+01 9.1787113788338772e+01 -2.3383003581300741e+01 2.2534810303345604e-02 2.1192936740780613e-02
2560 5.6624916130470467e+01 9.1761428061120739e+01 -2.2380122357294862e+01 1.9645253688203596e-02 2.1141340973605274e-02
2570 5.6836124937655320e+01 9.1707328558544901e+01 -2.1045076600298735e+01 1.7743978323591026e-02 2.1106703306967341e-02
2580 5.7047082073121757e+01 9.1625475452376264e+01 -1.9403113364226577e+01 1.6953839576756918e-02 2.1089332743385269e-02
2590 5.7257958030135789e+01 9.1503234663679663e+01 -1.7464730439887013e+01 1.5693488031221486e-02 2.1087714073956591e-02
2600 5.7468866061225050e+01 9.1370348871426359e+01 -1.5259288382886831e+01 1.6729754179625467e-02 2.1094991765351286e-02
2610 5.7679916691485403e+01 9.1205591388631973e+01 -1.2819667332014310e+01 1.8020995277863473e-02 2.1115323202775260e-02
2620 5.7891242714267293e+01 9.1044841474674243e+01 -1.0176352188529217e+01 2.1053013705802405e-02 2.1148880890922841e-02
2630 5.8102986297766655e+01 9.0897115125273217e+01 -7.3429195958005860e+00 2.4816215112566778e-02 2.1197565200018101e-02
2640 5.8315304051508669e+01 9.0772602529488637e+01 -4.3626423654823308e+00 2.9852022646633957e-02 2.1262159645773840e-02
2650 5.8528354236494160e+01 9.0677116744529116e+01 -1.2769274619570283e+00 3.4711071473359667e-02 2.1342370245172885e-02
2660 5.8742270094993067e+01 9.0634117737158363e+01 1.8716598384082204e+00 4.1103921166608083e-02 2.1428964068512732e-02
2670 5.8956601573502013e+01 9.0716897861899014e+01 5.0457196094587360e+00 4.6407897310281568e-02 2.1411271994684303e-02
2680 5.9170290453468944e+01 9.0773065449806253e+01 8.1716274138637495e+00 5.1855764480754685e-02 2.1334516170518208e-02
2690 5.9383237043943645e+01 9.0856830893389287e+01 1.1193767185921418e+01 5.5017952056649333e-02 2.1263459304307137e-02
2700 5.9595540144991169e+01 9.0990178603786532e+01 1.4056550425417429e+01 5.7739240376046483e-02 2.1205516393337481e-02
2710 5.9807349277781505e+01 9.1175596487498709e+01 1.6706531727174770e+01 5.7870080097664811e-02 2.1163151845845066e-02
2720 6.0018822474843731e+01 9.1387272970179524e+01 1.9089649038213093e+01 5.7264325045666940e-02 2.1136798479486490e-02
2730 6.0230122687900703e+01 9.1628551714760903e+01 2.1191608871511416e+01 5.4458626295886839e-02 2.1126973412887211e-02
2740 6.0441397815259876e+01 9.1885230286653282e+01 2.2959616782566602e+01 5.1152683622092993e-02 2.1128889230322152e-02
2750 6.0652734052893059e+01 9.2137509770866302e+01 2.4359240248790684e+01 4.6782603073711349e-02 2.1138912790006414e-02
2760 6.0864232705614626e+01 9.2370582815314478e+01 2.5371818401038873e+01 4.0591814115118842e-02 2.1160915941431536e-02
2770 6.1076016324375843e+01 9.2576013775080582e+01 2.5973468552496961e+01 3.3593787547027520e-02 2.1191442179835911e-02
2780 6.1287979830977974e+01 9.2790979932074123e+01 2.6175169996301634e+01 2.8460524521655133e-02 2.1182731513849438e-02
2790 6.1499381469904201e+01 9.2923122213266453e+01 2.5960277267140061e+01 2.3030994673926844e-02 2.1107457630187877e-02
2800 6.1710110989649621e+01 9.2954551899673064e+01 2.5358385834699170e+01 1.7852753877759669e-02 2.1047077959249719e-02
2810 6.1920326270830834e+01 9.2925598828237497e+01 2.4359239899723352e+01 1.3432003073221843e-02 2.1003171947392572e-02
2820 6.2130197292332227e+01 9.2856564625136215e+01 2.2995947628666720e+01 9.9686523389339258e-03 2.0976571144847408e-02
2830 6.2339899291765796e+01 9.2750040414929970e+01 2.1289025546801373e+01 6.8887980180145575e-03 2.0967657336510504e-02
2840 6.2549584253253123e+01 9.2636590103474475e+01 1.9272053347078817e+01 5.5359728340789388e-03 2.0970261256786714e-02
2850 6.2759350885072230e+01 9.2477221279637661e+01 1.6962920738799383e+01 5.2341974483413886e-03 2.0984026121874690e-02
2860 6.2969338921101446e+01 9.2289326653049343e+01 1.4410496714092885e+01 8.5391651092529813e-03 2.1013396620327224e-02
2870 6.3179709851515263e+01 9.2105611398674483e+01 1.1620720963174763e+01 1.1037484300891499e-02 2.1058465493387326e-02
2880 6.3390606453362970e+01 9.1943717516990887e+01 8.6244557352081674e+00 1.5394311369618540e-02 2.1117408333036703e-02
2890 6.3602176294166071e+01 9.1806146047840315e+01 5.4637792074650138e+00 2.0568940187203077e-02 2.1191722775395938e-02
2900 6.3814570192786988e+01 9.1719221318463653e+01 2.1858604588020438e+00 2.6301177215850968e-02 2.1277841993955285e-02
2910 6.4027406837256748e+01 9.1758799917815566e+01 -1.1529500567415021e+00 3.2057288519142906e-02 2.1260775433970994e-02
2920 6.4239550589756590e+01 9.1746021538028600e+01 -4.5063579209579352e+00 3.7654388514040946e-02 2.1177270523192904e-02
2930 6.4450895508358855e+01 9.1778590447649805e+01 -7.8114088699747253e+00 4.2795420870207650e-02 2.1100523299585644e-02
2940 6.4661509483058069e+01 9.1861781587053017e+01 -1.1002121731474970e+01 4.6109387316715648e-02 2.1030880004354404e-02
2950 6.4871501490814737e+01 9.1995488135657226e+01 -1.4029120979192195e+01 4.7974054463593263e-02 2.0975760814861737e-02
2960 6.5081034080846322e+01 9.2174937389752117e+01 -1.6845788134728167e+01 4.7295221821671680e-02 2.0937431040287127e-02
2970 6.5290279037336703e+01 9.2392139521020724e+01 -1.9387160276780772e+01 4.6045445432646506e-02 2.0916559495556920e-02
2980 6.5499411975483497e+01 9.2640356768764562e+01 -2.1631181687838346e+01 4.3431245974205099e-02 2.0912717365059313e-02
2990 6.5708560655973173e+01 9.2899232947242524e+01 -2.3532988360994388e+01 3.8797955827582040e-02 2.0918143847643459e-02
3000 6.5917830923844946e+01 9.3148027304256019e+01 -2.5043582780134756e+01 3.2416463192862295e-02 2.0936571922245312e-02
3010 6.6127372747767467e+01 9.3372114085251283e+01 -2.6156736119616635e+01 2.4354295569651706e-02 2.0970974756437818e-02
3020 6.6337337307331325e+01 9.3575182707764625e+01 -2.6841404714190492e+01 1.8097708954744371e-02 2.1019401858871890e-02
3030 6.6547769237394405e+01 9.3750991600630300e+01 -2.7102813247244956e+01 1.0001429710939190e-02 2.1052790057876348e-02
3040 6.6758046252428500e+01 9.3900656006640929e+01 -2.6947487614519105e+01 3.5425018608936957e-03 2.1002378681018771e-02
3050 6.6967793917440702e+01 9.3932359304318879e+01 -2.6375086266505512e+01 -1.4370755823833600e-03 2.0954201722695118e-02
3060 6.7177139190015282e+01 9.3886784128083875e+01 -2.5395333344946042e+01 -5.6899638101478448e-03 2.0920787566956589e-02
3070 6.7386239421492320e+01 9.3791515584445975e+01 -2.4019627224095384e+01 -9.6693867445069564e-03 2.0903718741710112e-02
3080 6.7595258040209231e+01 9.3680332532410887e+01 -2.2287576342380984e+01 -1.2259286418607433e-02 2.0901929998830955e-02
3090 6.7804307972769351e+01 9.3527698974383043e+01 -2.0235070724026020e+01 -1.2582152322090376e-02 2.0909202215170127e-02
3100 6.8013502593065269e+01 9.3347276959677686e+01 -1.7873030787790015e+01 -1.2763671721535681e-02 2.0930188443897796e-02
3110 6.8222996214577137e+01 9.3141061236948588e+01 -1.5246038933001442e+01 -8.8109791408108387e-03 2.0967618120183541e-02
3120 6.8432955448764744e+01 9.2933853195625247e+01 -1.2365423806306913e+01 -4.6920105352400198e-03 2.1021088246288469e-02
3130 6.8643523780528042e+01 9.2752312273839635e+01 -9.2702979076466843e+00 1.3038306494609934e-03 2.1088288884275538e-02
3140 6.8854844349865317e+01 9.2606187701567706e+01 -6.0085766077983802e+00 7.7980818001205238e-03 2.1168368100203238e-02
3150 6.9066624795819067e+01 9.2585668974027854e+01 -2.6272136732556999e+00 1.4834534175279860e-02 2.1160534877488715e-02
3160 6.9277796152808179e+01 9.2513680964755906e+01 8.2163204696107495e-01 2.1908206156627513e-02 2.1082072164619336e-02
3170 6.9488202052810749e+01 9.2477217239196847e+01 4.2808924463356952e+00 2.7271271121200914e-02 2.1007158316979458e-02
3180 6.9697878853661592e+01 9.2487734097668977e+01 7.6983560319931525e+00 3.3383943666165393e-02 2.0936161229968400e-02
3190 6.9906874796650257e+01 9.2566049994236707e+01 1.0998203799830984e+01 3.7030038212926830e-02 2.0870668657212196e-02
3200 7.0115284060224042e+01 9.2686830409301038e+01 1.4139583309431458e+01 3.8856001969995863e-02 2.0819238298137199e-02
3210 7.0323278503219001e+01 9.2852544173925352e+01 1.7060907447761192e+01 3.8625069107100958e-02 2.0786022526522435e-02
3220 7.0531042954527322e+01 9.3058685805736161e+01 1.9713013640992727e+01 3.6842245898967473e-02 2.0771396315247010e-02
3230 7.0738752310266179e+01 9.3298453051454302e+01 2.2061140845969181e+01 3.3784877189616334e-02 2.0771759375952988e-02
3240 7.0946516350064186e+01 9.3543713222125106e+01 2.4060297516389340e+01 2.8298705585187475e-02 2.0782205165913819e-02
3250 7.1154465930669474e+01 9.3779119307039878e+01 2.5660624151078977e+01 2.1305692645081479e-02 2.0807901119017227e-02
3260 7.1362767039128684e+01 9.3991408913746568e+01 2.6864245220118509e+01 1.3350800564686715e-02 2.0850944469832825e-02
3270 7.1571593836269869e+01 9.4180886093227144e+01 2.7626364169087438e+01 6.2787138254151139e-03 2.0910793899656159e-02
3280 7.1781002939196711e+01 9.4347402728169072e+01 2.7954107625938544e+01 -1.6509627592659316e-03 2.0955906804681696e-02
3290 7.1990487842718423e+01 9.4481622330424130e+01 2.7860916152069681e+01 -7.8369904730439238e-03 2.0933568060466409e-02
3300 7.2199642666164522e+01 9.4504559750324347e+01 2.7325811073894759e+01 -1.3660757312237752e-02 2.0901887882182425e-02
3310 7.2408531741400978e+01 9.4453075845395716e+01 2.6378373827375796e+01 -1.7794756113195000e-02 2.0880087267422014e-02
3320 7.2617274485750812e+01 9.4359372090050314e+01 2.5016473944511397e+01 -2.1476521843373099e-02 2.0871741854473328e-02
3330 7.2825998477889058e+01 9.4229334011343838e+01 2.3295253353473115e+01 -2.2148153694554237e-02 2.0873858789851200e-02
3340 7.3034792531025914e+01 9.4061026341763281e+01 2.1234685567398301e+01 -2.2743722264920729e-02 2.0885887465691328e-02
3350 7.3243784575775166e+01 9.3871776765840764e+01 1.8854842151414243e+01 -2.0937082721337322e-02 2.0912474967800649e-02
3360 7.3453132159218953e+01 9.3654593316731010e+01 1.6192757657383378e+01 -1.6302170085708962e-02 2.0955529708144998e-02
3370 7.3662999702131629e+01 9.3432766381494133e+01 1.3259469972651031e+01 -1.1325917618708469e-02 2.1014235055221472e-02
3380 7.3873525127366150e+01 9.3246498138802068e+01 1.0101187896814238e+01 -4.9532751127962463e-03 2.1084579904707565e-02
3390 7.4084489051263432e+01 9.3161005472308588e+01 6.7776954740285360e+00 3.1163007489794859e-03 2.1086456760065080e-02
3400 7.4295003852352124e+01 9.3049618276781558e+01 3.3258306271691565e+00 1.1048708238731624e-02 2.1022559149765863e-02
3410 7.4504873757676947e+01 9.2953219946377999e+01 -1.9714751709107997e-01 1.8111462280771606e-02 2.0958008098253239e-02
3420 7.4714107242955663e+01 9.2900830861022527e+01 -3.7385466735180959e+00 2.3960793795962325e-02 2.0895382346984820e-02
3430 7.4922725852341102e+01 9.2902705044051729e+01 -7.2454734497811186e+00 3.0179328033813950e-02 2.0834558309554854e-02
3440 7.5130737258176822e+01 9.2971149558163873e+01 -1.0638301713429163e+01 3.2857580030574200e-02 2.0774432845517256e-02
3450 7.5338215292532823e+01 9.3081827509119279e+01 -1.3879413136106930e+01 3.4395733048893415e-02 2.0728804509754395e-02
3460 7.5545340626386349e+01 9.3238144767744160e+01 -1.6902128310888301e+01 3.4808785345930404e-02 2.0702058592519116e-02
3470 7.5752302529394143e+01 9.3439736091561016e+01 -1.9658605281197406e+01 3.3205095466959024e-02 2.0694265954345245e-02
3480 7.5959258006552190e+01 9.3677320678742262e+01 -2.2109874460603141e+01 2.8797789769379276e-02 2.0697907627467437e-02
3490 7.6166312977935689e+01 9.3914134160692328e+01 -2.4205008895478940e+01 2.3649151719433787e-02 2.0713999134677693e-02
3500 7.6373618040957595e+01 9.4149357615464282e+01 -2.5903066743023246e+01 1.5239100232674357e-02 2.0746641815370809e-02
3510 7.6581347348949478e+01 9.4360684335549095e+01 -2.7196063245513773e+01 7.3475226494654723e-03 2.0797155305920561e-02
3520 7.6789680353588821e+01 9.4547488893338269e+01 -2.8044025202755844e+01 -1.5940661165528592e-04 2.0865275265038483e-02
3530 7.6998627174001427e+01 9.4721363588561033e+01 -2.8448105670884285e+01 -8.2802978159906525e-03 2.0908253768982785e-02
3540 7.7207667914314555e+01 9.4850052414183963e+01 -2.8422246825204724e+01 -1.4532332538869768e-02 2.0892666255176225e-02
3550 7.7416441659524196e+01 9.4881534599807452e+01 -2.7945757527300032e+01 -2.0505829919995319e-02 2.0862904100283946e-02
3560 7.7624896787663701e+01 9.4831512766768384e+01 -2.7044347030009199e+01 -2.5113920502198035e-02 2.0833993845713366e-02
3570 7.7833167863192472e+01 9.4732823939030794e+01 -2.5724077510756281e+01 -2.7388228994240899e-02 2.0824396892923716e-02
3580 7.8041420723749681e+01 9.4600421291094733e+01 -2.4031510051817044e+01 -2.7690971289324053e-02 2.0827135698095300e-02
3590 7.8249758655203692e+01 9.4427239939407258e+01 -2.1983147712043877e+01 -2.7855487702595976e-02 2.0841434866273406e-02
3600 7.8458325652065852e+01 9.4234916002479821e+01 -1.9601720498329271e+01 -2.5438894170970647e-02 2.0871757938622681e-02
3610 7.8667292413862683e+01 9.4022264605377330e+01 -1.6933725908444980e+01 -2.0603273490184901e-02 2.0919759255854067e-02
3620 7.8876834589805895e+01 9.3789496175337604e+01 -1.3974731608576832e+01 -1.4718122508644911e-02 2.0984524614759793e-02
3630 7.9086993519617238e+01 9.3628512393386160e+01 -1.0784178941887740e+01 -7.6083768381516132e-03 2.1030157636036117e-02
3640 7.9297119280202608e+01 9.3509240348408127e+01 -7.4176520758787836e+00 6.4425447471040545e-04 2.0989566810181673e-02
3650 7.9506722197688063e+01 9.3374922429322055e+01 -3.9189905682834349e+00 9.1532110460428636e-03 2.0936236250215692e-02
3660 7.9715789361326514e+01 9.3264818976073443e+01 -3.3602634820216437e-01 1.6290350843066164e-02 2.0882582483515270e-02
3670 7.9924321211839526e+01 9.3205523303877442e+01 3.2774021709755790e+00 2.2665026925586702e-02 2.0829205542923109e-02
3680 8.0132322113901509e+01 9.3195255016043490e+01 6.8599235098709688e+00 2.8563908872667174e-02 2.0776177031248347e-02
3690 8.0339778959624994e+01 9.3255631351461076e+01 1.0340815976092788e+01 3.1846372127581651e-02 2.0721026720419103e-02
3700 8.0546747851286725e+01 9.3357610316426431e+01 1.3671777290894324e+01 3.2397470239905919e-02 2.0679996507979435e-02
3710 8.0753411898448007e+01 9.3505616540110751e+01 1.6793058100081755e+01 3.3253499332409869e-02 2.0658171951886149e-02
3720 8.0959962277557182e+01 9.3702808347932418e+01 1.9649440165048631e+01 3.0960162062520325e-02 2.0654617120840400e-02
3730 8.1166534353649723e+01 9.3934272834504100e+01 2.2197567217060683e+01 2.6231945496738896e-02 2.0661022187159886e-02
3740 8.1373244110733822e+01 9.4169860579385315e+01 2.4391708701558681e+01 2.0569735273165617e-02 2.0681557416752552e-02
3750 8.1580252413000338e+01 9.4402349674038945e+01 2.6185022018060469e+01 1.2214046495210915e-02 2.0719291939484678e-02
3760 8.1787737888231689e+01 9.4613653243891179e+01 2.7570680122141642e+01 3.8066593940626384e-03 2.0775211672921769e-02
3770 8.1995880893218470e+01 9.4801498671433478e+01 2.8509999111452053e+01 -3.5251773557803726e-03 2.0848559926539355e-02
3780 8.2204621086503465e+01 9.4986741267231366e+01 2.8996067498470005e+01 -1.1682916024288489e-02 2.0884623724871581e-02
3790 8.2413359424324668e+01 9.5119503214253854e+01 2.9047137149805327e+01 -1.7968784637393678e-02 2.0858992271524227e-02
3800 8.2621770336336212e+01 9.5145203493785573e+01 2.8634970736947974e+01 -2.3775900958802818e-02 2.0827156607234023e-02
3810 8.2829905152781322e+01 9.5102842993784208e+01 2.7788628936124450e+01 -2.8084418493971568e-02 2.0804060107545555e-02
3820 8.3037889452940590e+01 9.5007490551102634e+01 2.6519636888119660e+01 -3.0365444705657423e-02 2.0796402898429246e-02
3830 8.3245864320285406e+01 9.4874850978859541e+01 2.4863775256166562e+01 -3.0319107383583913e-02 2.0799581258042637e-02
3840 8.3453930817089955e+01 9.4702513854359992e+01 2.2843238165450693e+01 -2.9545536094575355e-02 2.0814655690083617e-02
3850 8.3662235113854777e+01 9.4508843592275866e+01 2.0478922331442430e+01 -2.6687332090487674e-02 2.0845925143975933e-02
3860 8.3870948946593600e+01 9.4293766594676669e+01 1.7808967333133587e+01 -2.1344041033034663e-02 2.0894906433828360e-02
3870 8.4080247771232507e+01 9.4069564497696632e+01 1.4849965591481030e+01 -1.5061296901654234e-02 2.0959552547401561e-02
3880 8.4289997667500586e+01 9.3917356088604436e+01 1.1645422965969292e+01 -7.2548204946348352e-03 2.0975656045312634e-02
3890 8.4499508502628970e+01 9.3765170635517208e+01 8.2520086114621840e+00 1.1628425133628621e-03 2.0930796623849102e-02
3900 8.4708564676364091e+01 9.3618931612426067e+01 4.7197777772698810e+00 9.4262400561660725e-03 2.0884884320406336e-02
3910 8.4917155744089385e+01 9.3501810093949061e+01 1.0925878973860488e+00 1.7238673239329375e-02 2.0837809454620278e-02
