0 0.0000000000000000e+00 1.1748654492409530e+03 0.0000000000000000e+00 0.0000000000000000e+00 2.6633522727272725e-03
10 8.5642124096350830e-02 1.3693681440356903e+02 -1.3551073185568552e-01 -4.5816466431607078e-03 1.1235355541503051e-02
20 2.1236511400666214e-01 6.5344935437659501e+01 3.0350175994595628e-03 -1.5908613915964568e-04 1.3578829061973555e-02
30 3.5398908957776132e-01 5.3756545939739141e+01 -1.7500904588523051e-02 -1.0188859108347314e-04 1.4507365967121681e-02
40 5.0187369621604494e-01 5.0141753429243145e+01 -1.8459365136021467e-02 -9.1621906884895111e-05 1.4997129586062842e-02
50 6.5354386333830938e-01 4.9935040305448645e+01 -3.5481454429502103e-02 -8.9935544277575577e-05 1.5277819668857429e-02
60 8.0738051560682556e-01 5.1615303335858513e+01 -5.0415777651082183e-02 -5.2694805418978121e-05 1.5466532395236588e-02
70 9.6305910073693268e-01 5.4876992008576266e+01 -5.7394056777633158e-02 -3.1807535605034983e-05 1.5652042094530524e-02
80 1.1206544583797975e+00 5.9412209527698238e+01 -6.9441178785321939e-02 -7.2967991618332065e-05 1.5848975993066554e-02
90 1.2802486029828815e+00 6.5055317291162339e+01 -8.8886640336544795e-02 -1.1680845161104985e-04 1.6047519978888827e-02
100 1.4416210159359477e+00 7.1651644830360183e+01 -1.0764228493060245e-01 -1.0975405780626191e-04 1.6205875955894931e-02
110 1.6044834178550640e+00 7.8912164716653848e+01 -1.3009631113641329e-01 -1.2850117685050608e-04 1.6352475385850149e-02
120 1.7688576499351838e+00 8.6541898048777199e+01 -1.5789318054600610e-01 -1.9615189860438379e-04 1.6509313019477067e-02
130 1.9349008220015698e+00 9.4335755798002452e+01 -1.8796785131681729e-01 -1.7401112040174436e-04 1.6684809415581824e-02
140 2.1028036872373947e+00 1.0147096396469072e+02 -2.2519705794880665e-01 -3.0986687575384607e-04 1.6879808832873103e-02
150 2.2727755556364255e+00 1.0761268060827808e+02 -2.6797148524434394e-01 -3.6350020070511827e-04 1.7096290494251581e-02
160 2.4449888212588582e+00 1.1231790351732329e+02 -3.1331835215109533e-01 -2.8471432862016606e-04 1.7324790594100751e-02
170 2.6195098611222032e+00 1.1528642563797894e+02 -3.7253989916034924e-01 -4.4534590256232052e-05 1.7552818372067187e-02
180 2.7961631695653124e+00 1.1646255221881476e+02 -4.2593761887410236e-01 2.6038039632404677e-04 1.7754491906983583e-02
190 2.9747551000099710e+00 1.1602429835462767e+02 -4.9605016987574668e-01 4.3159678707371124e-04 1.7943990416145431e-02
200 3.1552259031615923e+00 1.1424424525973073e+02 -5.7585269392913263e-01 4.6774941731221673e-04 1.8130784719674598e-02
210 3.3373837169358702e+00 1.1181610045021743e+02 -6.5214167088039143e-01 5.4247417741269406e-04 1.8270600981486099e-02
220 3.5209321519613748e+00 1.0914556274997209e+02 -7.4605437089926430e-01 5.7670585870298930e-04 1.8442492018610597e-02
230 3.7063562901803837e+00 1.0684335803220318e+02 -8.5461410021594064e-01 5.7863225814424029e-04 1.8618662797502707e-02
240 3.8933921151065496e+00 1.0507710326114014e+02 -9.8609985350948759e-01 5.2070652196321420e-04 1.8769467185034402e-02
250 4.0817648498028749e+00 1.0380543985545997e+02 -1.1266020866606423e+00 4.0061571754773867e-04 1.8890007285881201e-02
260 4.2713049287152094e+00 1.0262708514236053e+02 -1.3289472151037487e+00 2.6851503458380049e-04 1.9008228068357322e-02
270 4.4620735530645357e+00 1.0134924838153812e+02 -1.5747335836532610e+00 1.1326551182223552e-04 1.9127400411694251e-02
280 4.6538551779223951e+00 9.9903802469301610e+01 -1.9139235664805319e+00 5.2920560960580960e-05 1.9218372524928730e-02
290 4.8465504991995001e+00 9.8429948221042423e+01 -2.3364418550001074e+00 -3.8219763642681768e-06 1.9313417702836143e-02
300 5.0402782333683618e+00 9.7032752060127123e+01 -2.8536986535055564e+00 1.6984697428991788e-05 1.9423767208024040e-02
310 5.2351780998765811e+00 9.5733489095731912e+01 -3.4731588292081974e+00 -2.2609968772342491e-06 1.9544811459383433e-02
320 5.4312150747499626e+00 9.4498166992572578e+01 -4.1720666854048885e+00 -2.5948068756040130e-05 1.9648346543079273e-02
330 5.6281989206199432e+00 9.3264239526702582e+01 -4.9654700461733041e+00 -1.5140488387878952e-05 1.9738458353273199e-02
340 5.8260596968598692e+00 9.2017898492591343e+01 -5.6103064341390985e+00 -2.9792160327290151e-04 1.9824481093124090e-02
350 6.0247692653414022e+00 9.0787316029217777e+01 -6.3276628633151271e+00 -7.2802190906449217e-05 1.9909070484490542e-02
360 6.2243231117123843e+00 8.9570253866606791e+01 -6.9316719413291112e+00 -6.5968143465077304e-05 1.9993330485297486e-02
370 6.4247140741094277e+00 8.8393645426837125e+01 -7.4754600785504932e+00 -9.1336586773791523e-05 2.0076019435503616e-02
380 6.6259121018389990e+00 8.7334477708463496e+01 -7.9230746935199310e+00 -9.8686275612680732e-05 2.0153865137484222e-02
390 6.8277983460774028e+00 8.6371136185175175e+01 -8.0573091316366803e+00 -1.0424973002224549e-04 2.0214745106222690e-02
400 7.0302474696830135e+00 8.5551517163611550e+01 -8.1650900372834254e+00 -8.1004940061287764e-05 2.0269582420803307e-02
410 7.2332463533964795e+00 8.4857153512757336e+01 -8.2805825486017195e+00 -1.7457308763411391e-04 2.0324959742862393e-02
420 7.4368124733252765e+00 8.4309378259910090e+01 -8.1863906128154031e+00 -9.5418236900786992e-05 2.0383204439382838e-02
430 7.6409901831257026e+00 8.3824737152443177e+01 -8.0667003610861290e+00 -9.9978543940439386e-05 2.0447143089966605e-02
440 7.8458549139040175e+00 8.3357825022965272e+01 -7.8013043603532752e+00 -1.7771556556615515e-05 2.0520276579896225e-02
450 8.0514736527424375e+00 8.2989025894586845e+01 -7.5226946359389633e+00 -1.1089532979010657e-04 2.0594306612167591e-02
460 8.2577945363710139e+00 8.2596941350913013e+01 -7.1751038418951243e+00 -9.8852211999230245e-05 2.0663047252413719e-02
470 8.4648101761095802e+00 8.2215509718184222e+01 -6.7714878740032178e+00 -1.0832982585112963e-04 2.0733517399645136e-02
480 8.6725515174418213e+00 8.1828078605401899e+01 -6.2824806389233343e+00 -9.1993788887340379e-05 2.0808349437446253e-02
490 8.8810683393407608e+00 8.1480398909317941e+01 -5.6728985257736486e+00 -9.8815447255771503e-05 2.0887504915128488e-02
500 9.0903897832043921e+00 8.1117605062127069e+01 -5.0167808493620711e+00 -7.6535975784683142e-05 2.0968501936505738e-02
510 9.3005153259178908e+00 8.0754651358617821e+01 -4.2995607510400662e+00 -1.0269483371148998e-04 2.1048744477168719e-02
520 9.5114459407891410e+00 8.0464099526726812e+01 -3.4988035984515879e+00 -7.9058792411199280e-05 2.1129041373837171e-02
530 9.7231790049119162e+00 8.0132940274082401e+01 -2.5976464422207379e+00 1.0654262337954233e-04 2.1209969174093232e-02
540 9.9357358662233093e+00 7.9862356502577953e+01 -1.6414844620733928e+00 -7.6683387412307147e-05 2.1292525823661826e-02
550 1.0149105004759106e+01 7.9592598138794258e+01 -6.7547678081240337e-01 -9.7528744290379619e-05 2.1373558894296187e-02
560 1.0363291342774902e+01 7.9344536096849069e+01 3.3504886699078285e-01 -8.8508558687124613e-05 2.1454713083097137e-02
570 1.0578275111302167e+01 7.9093100440610201e+01 1.5656911689220578e+00 -5.0914612496097780e-04 2.1534690356331314e-02
580 1.0794088000407578e+01 7.8802166107605203e+01 2.5350834740308974e+00 -9.8538498883673478e-05 2.1620114287693667e-02
590 1.1010784304839017e+01 7.8562361441137710e+01 3.5440180104817549e+00 -7.6959343014851067e-05 2.1710903339153056e-02
600 1.1228417586214247e+01 7.8303492643073682e+01 4.5763019581836382e+00 -7.5977706908537587e-05 2.1806989797060805e-02
610 1.1447016105238921e+01 7.8058472224074237e+01 5.5906982123945967e+00 -9.3879042315687236e-05 2.1898236689668161e-02
620 1.1666302635335200e+01 7.7805526400942995e+01 6.5398848388716484e+00 -9.2383609840554493e-05 2.1948874414327343e-02
630 1.1885966091928195e+01 7.7569893399823258e+01 7.4974574668653045e+00 1.6306684562712465e-05 2.1978741039673618e-02
640 1.2105874468521412e+01 7.7326765571887108e+01 8.4305657651581729e+00 -8.6805898639517000e-05 2.1999888801363662e-02
650 1.2325969829686102e+01 7.7057876461645748e+01 9.3462441541386436e+00 -7.7657465336737627e-05 2.2017059942405083e-02
660 1.2546226366149179e+01 7.6802057363459667e+01 1.0364170494671697e+01 -1.6795555826774593e-04 2.2032357381978233e-02
670 1.2766625562941224e+01 7.6615639061965254e+01 1.1112558930938071e+01 -1.3006655109567078e-04 2.2046442045145276e-02
680 1.2987175679023295e+01 7.6432835037260830e+01 1.1889589833952881e+01 -9.1471973375269918e-05 2.2062115342649260e-02
690 1.3207881883511106e+01 7.6262425866532865e+01 1.2644115860490533e+01 1.3897568754820409e-05 2.2077671848179305e-02
700 1.3428750488177661e+01 7.6080474257933147e+01 1.3272734095791249e+01 -8.6001035568896236e-05 2.2094749826571589e-02
710 1.3649804688026325e+01 7.5963181621504106e+01 1.3936646033631947e+01 -6.6548332244129656e-05 2.2114499805186458e-02
720 1.3871063208139487e+01 7.5862764868566160e+01 1.4507242595120776e+01 -6.1216941940847781e-05 2.2134858319815216e-02
730 1.4092512341677137e+01 7.5749589001452819e+01 1.5027754457453469e+01 -6.9642979325972823e-05 2.2152937647198501e-02
740 1.4314140743575839e+01 7.5643202645619311e+01 1.5472876182631349e+01 -5.9204729945521688e-05 2.2171183666222286e-02
750 1.4535964247129122e+01 7.5555026543247550e+01 1.5817106261781621e+01 2.4817817101183935e-05 2.2191967858650127e-02
760 1.4758011980281085e+01 7.5436989818916999e+01 1.6082821582898870e+01 -4.8074158284646452e-05 2.2215650398612546e-02
770 1.4980306989719701e+01 7.5304042686199026e+01 1.6258258120098350e+01 -6.2102332260751691e-05 2.2240726345620940e-02
780 1.5202842187203069e+01 7.5159146469155900e+01 1.6336459335778194e+01 -6.1259238945477422e-05 2.2263624747108531e-02
790 1.5425594311226273e+01 7.5018742873410844e+01 1.6298291409569678e+01 -6.5770265559137521e-05 2.2284426494529629e-02
800 1.5648545850907899e+01 7.4781683008675614e+01 1.6184545695148664e+01 -5.5757649057904165e-05 2.2303681600369819e-02
810 1.5871684324786518e+01 7.4598264861914402e+01 1.5946978726794709e+01 -5.8676924022478025e-05 2.2322268180398348e-02
820 1.6095017653073015e+01 7.4387632952555165e+01 1.5592619878331847e+01 2.1520270239779014e-04 2.2342842757851717e-02
830 1.6318577310324908e+01 7.4059120501491918e+01 1.5082026799801424e+01 -4.1615149576942080e-05 2.2367273859443711e-02
840 1.6542395832819199e+01 7.3774364788210264e+01 1.4418666586593295e+01 -4.2365652026252480e-05 2.2394452545489600e-02
850 1.6766512370825456e+01 7.3490656681599390e+01 1.3650236855025268e+01 -1.0172025722739052e-05 2.2426455296462387e-02
860 1.6990976203210622e+01 7.3161081288282958e+01 1.2748898935370297e+01 -5.5284099851134442e-05 2.2463465580328051e-02
870 1.7215838593452364e+01 7.2850184989397263e+01 1.1721473614826648e+01 -1.1477968911417851e-04 2.2505599223305167e-02
880 1.7441148108885642e+01 7.2531714047271919e+01 1.0563832289072417e+01 -7.3287093094383688e-05 2.2552394957401897e-02
890 1.7666953334494526e+01 7.2199133155194701e+01 9.2276601001613159e+00 -6.4899058300800849e-05 2.2604368978982912e-02
900 1.7893303434661171e+01 7.1864645623051175e+01 7.7784914767887496e+00 -5.8187083191182991e-05 2.2660398369469110e-02
910 1.8120231552781753e+01 7.1584831105299969e+01 6.0261030919631065e+00 -8.0779654517818152e-05 2.2720162082109537e-02
920 1.8347790571762093e+01 7.1315466476198907e+01 4.1362555121900275e+00 -7.5247911469840026e-05 2.2786251503313523e-02
930 1.8576054925713844e+01 7.0989291343925871e+01 2.1816832262758825e+00 -6.5446983244153234e-05 2.2860723654356537e-02
940 1.8805105871753725e+01 7.0813504865009605e+01 2.1093485425257974e-01 -9.4675799405930148e-05 2.2942219462745449e-02
950 1.9035009201719742e+01 7.0647745165236302e+01 -2.0084357699320181e+00 -4.8358758328505120e-05 2.3031075474058135e-02
960 1.9265855970662756e+01 7.0461115897651510e+01 -4.3628397913748715e+00 -6.0983418403181488e-05 2.3130199489245856e-02
970 1.9497756537730258e+01 7.0338987357848850e+01 -6.7887091629644338e+00 -9.3732810458519323e-05 2.3240731160640765e-02
980 1.9730811041795597e+01 7.0301112259991697e+01 -9.4172410656336023e+00 -7.4454378666182085e-06 2.3359609822995373e-02
990 1.9964877407568892e+01 7.0289628992977654e+01 -1.1825050363617146e+01 -1.1680963760803013e-04 2.3424594257414010e-02
1000 2.0198715089389005e+01 7.0372005857501151e+01 -1.4353955890755033e+01 -9.4452553909956175e-05 2.3343772669141154e-02
1010 2.0431674285674770e+01 7.0471988286923349e+01 -1.6845482179942792e+01 -1.2635739674312147e-04 2.3257044935053275e-02
1020 2.0663770562190191e+01 7.0640157430910904e+01 -1.9260607032540328e+01 -1.4142344036523858e-04 2.3170590951870448e-02
1030 2.0894977692731828e+01 7.0849712490208049e+01 -2.1575593835618864e+01 -1.0865077876559998e-04 2.3078493893606285e-02
1040 2.1125232958439540e+01 7.1108460924068766e+01 -2.3768074033788171e+01 -1.3075351521198158e-04 2.2981887302841408e-02
1050 2.1354520367048170e+01 7.1426894939059139e+01 -2.5816585606163301e+01 -1.2369282821949622e-04 2.2885797455464024e-02
1060 2.1582870292073938e+01 7.1815599998055617e+01 -2.7735027770451371e+01 -8.9606369961527731e-05 2.2793979551072131e-02
1070 2.1810338845324235e+01 7.2226661251506556e+01 -2.9374349477726270e+01 -1.3471837016652949e-04 2.2709272273880851e-02
1080 2.2036997296218221e+01 7.2672587865586095e+01 -3.0811066019080005e+01 -1.0425888134261319e-04 2.2631239615007171e-02
1090 2.2262906193421657e+01 7.3154532945010175e+01 -3.1977463740462902e+01 -4.1233548230808632e-04 2.2558435356597684e-02
1100 2.2488110285249775e+01 7.3599756837017765e+01 -3.2906636883229986e+01 -1.0482622348190317e-04 2.2490030296924608e-02
1110 2.2712662821063937e+01 7.4124108512681261e+01 -3.3523188326933862e+01 -1.6915454116079486e-04 2.2427905780018770e-02
1120 2.2936632586948289e+01 7.4638234495857063e+01 -3.3861892358817776e+01 -9.2814294445525426e-05 2.2372390642007398e-02
1130 2.3160101043451650e+01 7.5235234125297353e+01 -3.3905446033029705e+01 -2.3631354578009984e-04 2.2326809811942010e-02
1140 2.3383154382302720e+01 7.5731412113303165e+01 -3.3607097074618380e+01 -1.7956713871545663e-04 2.2288975927068515e-02
1150 2.3605885644606811e+01 7.6219597810531980e+01 -3.2998457043423990e+01 -2.0190921727143192e-04 2.2262205493033663e-02
1160 2.3828420176561977e+01 7.6671603457716927e+01 -3.2086910280811900e+01 -1.8609172005363100e-04 2.2248300135111101e-02
1170 2.4050884314750014e+01 7.7055381472397542e+01 -3.0858576546438162e+01 -1.6289332095504845e-04 2.2246204833797700e-02
1180 2.4273364439164055e+01 7.7346609388116448e+01 -2.9327394468775001e+01 -1.8093386615237591e-04 2.2250481302426975e-02
1190 2.4495910850951027e+01 7.7623311294976816e+01 -2.7510138774631919e+01 -2.1691755226327947e-04 2.2258361691040018e-02
1200 2.4718557348795287e+01 7.7833466855628728e+01 -2.5395648191275562e+01 -2.1025690821267393e-04 2.2270796831566440e-02
1210 2.4941370482840448e+01 7.7976789761624929e+01 -2.3027019410864611e+01 -2.2987698258988441e-04 2.2291166674425295e-02
1220 2.5164429572991480e+01 7.8040979553197701e+01 -2.0402106932533034e+01 -2.3008379053523454e-04 2.2319265291657373e-02
1230 2.5387821035415040e+01 7.8014075802735420e+01 -1.7470844125633921e+01 -2.1460500738806006e-04 2.2356972991231752e-02
1240 2.5611648709870256e+01 7.7955773350583954e+01 -1.4223333948965308e+01 -2.3834203637075607e-04 2.2405598573392162e-02
1250 2.5836026164892402e+01 7.7834191586342655e+01 -1.0824655084138351e+01 -2.7139234468689569e-04 2.2465778790834556e-02
1260 2.6061067596654365e+01 7.7652381594086108e+01 -7.1877960342043048e+00 -2.1687411171737028e-04 2.2537153547482026e-02
1270 2.6286868887303950e+01 7.7494882910331242e+01 -3.2763134210089189e+00 -3.5213920330894402e-04 2.2616190507095013e-02
1280 2.6513488580981125e+01 7.7382455814751893e+01 8.1228096504541181e-01 -2.4707180736846214e-04 2.2700160439018440e-02
1290 2.6740980898119407e+01 7.7380908809011700e+01 5.1008347312903375e+00 -1.7818954202301389e-04 2.2790563793159944e-02
1300 2.6969425713410793e+01 7.7461752248115303e+01 9.5738369628941502e+00 -2.0381774461519529e-04 2.2890277605520322e-02
1310 2.7198938552141790e+01 7.7624667774938231e+01 1.4082434363544751e+01 -2.1013345291619184e-04 2.3003447324756364e-02
1320 2.7429606775543938e+01 7.7941292265644947e+01 1.8598558524423378e+01 -2.4249338672470712e-04 2.3101329466014450e-02
1330 2.7659226931390609e+01 7.8577323465979106e+01 2.3208335483404451e+01 1.0576277737917147e-03 2.2838989658921924e-02
1340 2.7886160780300838e+01 7.9129735693515812e+01 2.7378983547140020e+01 -2.5980556607087778e-04 2.2576440468001717e-02
1350 2.8110539074793319e+01 8.0095597392903585e+01 3.1464527849328242e+01 -1.9818930335771472e-04 2.2325817836515716e-02
1360 2.8332461949442969e+01 8.1189882370788780e+01 3.5105575341780003e+01 -3.1816453042792100e-04 2.2084671372800343e-02
1370 2.8551974809765071e+01 8.2525096860601778e+01 3.8273590681280602e+01 -1.5900058829537676e-04 2.1843244425564259e-02
1380 2.8769132050622890e+01 8.3911123827040100e+01 4.0844265391271911e+01 -2.0366002604883511e-04 2.1613405819151346e-02
1390 2.8984077679844681e+01 8.5359412606404419e+01 4.2790529025572106e+01 -3.8753801813026274e-04 2.1400841952903409e-02
1400 2.9197029198084845e+01 8.6787873773828935e+01 4.4042589827407411e+01 -2.0884861455221397e-04 2.1212272671736830e-02
1410 2.9408225677558818e+01 8.8159714011606553e+01 4.4625489474484539e+01 -2.1896286617213411e-04 2.1047217403107447e-02
1420 2.9617891251009851e+01 8.9421151902492952e+01 4.4451748983255385e+01 -1.8563233596766669e-04 2.0903063940770128e-02
1430 2.9826233430403249e+01 9.0573091446786151e+01 4.3565718366346509e+01 -1.5596282065371563e-04 2.0781928696619760e-02
1440 3.0033513271626081e+01 9.1562312210213548e+01 4.2013935317790803e+01 -1.8834305058188351e-04 2.0687890000340475e-02
1450 3.0239999454196745e+01 9.2353481653183579e+01 3.9776487822812136e+01 -1.9847623774123330e-04 2.0620496675579303e-02
1460 3.0445956463056099e+01 9.2996825402643012e+01 3.6936910140348878e+01 -1.7068941153913197e-04 2.0579197167724682e-02
1470 3.0651636364163505e+01 9.3409970432042599e+01 3.3369281471111869e+01 -9.0230254002309483e-05 2.0562835791855395e-02
1480 3.0857238614384272e+01 9.3666541674001181e+01 2.9324783373923214e+01 1.2418350790860600e-04 2.0559534353127622e-02
1490 3.1062861321611425e+01 9.3771932914271019e+01 2.4771505134956399e+01 -1.8473125285641779e-04 2.0566481161678626e-02
1500 3.1268618260167976e+01 9.3660413860717185e+01 1.9646792257234654e+01 -1.6310001275877050e-04 2.0584460055062974e-02
1510 3.1474627186869881e+01 9.3408735167277428e+01 1.4294397089033206e+01 -3.0451540506471522e-04 2.0617386325151268e-02
1520 3.1681061665792445e+01 9.3200256212404284e+01 8.3110653108202008e+00 -1.1552496606630891e-04 2.0665775247807532e-02
1530 3.1888046588597426e+01 9.2897984756125112e+01 2.1620453449138148e+00 -1.3062833953523769e-04 2.0728259197691588e-02
1540 3.2095776608864831e+01 9.2550328155320415e+01 -4.0919807438831537e+00 -1.2471141939281446e-04 2.0812769384154314e-02
1550 3.2304427481528407e+01 9.2287305468056687e+01 -1.0413619220727876e+01 -9.1501158808259000e-05 2.0909957441998219e-02
1560 3.2514147880464058e+01 9.2162757943857656e+01 -1.6745693814120322e+01 -6.6132941407441649e-05 2.1025966272698697e-02
1570 3.2725122001571123e+01 9.2260821497960109e+01 -2.2956639124425703e+01 -1.6799377259898548e-04 2.1157315257630420e-02
1580 3.2937236677647618e+01 9.2802745071064578e+01 -2.8749115458546630e+01 9.1745125563053482e-05 2.1190449534134626e-02
1590 3.3147425439253176e+01 9.3417090805739917e+01 -3.3952261964568045e+01 -5.3724202450650092e-05 2.0883377946884316e-02
1600 3.3354743218234162e+01 9.4118667274782325e+01 -3.8457735958317080e+01 4.4343712813940197e-05 2.0613517853093299e-02
1610 3.3559559551880838e+01 9.4818564536099686e+01 -4.1850522759263889e+01 -8.4017553044264700e-05 2.0378486774215422e-02
1620 3.3762149472443888e+01 9.5602848681883657e+01 -4.4445381048303020e+01 -8.0413214026347471e-05 2.0165807976686729e-02
1630 3.3962785078595445e+01 9.6338820438450995e+01 -4.6091307326248220e+01 -1.1439272496561537e-04 1.9984486007711934e-02
1640 3.4161778647698519e+01 9.7003207921050716e+01 -4.6803959082340320e+01 -1.2425144214957100e-05 1.9834499683388775e-02
1650 3.4359447522966249e+01 9.7573589219546761e+01 -4.6674595176968438e+01 7.6783472183666516e-05 1.9715952798805569e-02
1660 3.4556103517626987e+01 9.7918936091142001e+01 -4.5681639441648791e+01 -2.3349522255490806e-05 1.9628955410721047e-02
1670 3.4752061685298962e+01 9.8199446587389460e+01 -4.3972719012435114e+01 7.6320703562785398e-05 1.9574329962313591e-02
1680 3.4947668870977175e+01 9.8182726491261377e+01 -4.1548119257777429e+01 9.4377687303775213e-04 1.9553841885414883e-02
1690 3.5143202517981472e+01 9.8219310169846736e+01 -3.8479152554826690e+01 -5.0932450814192591e-04 1.9554549051485924e-02
1700 3.5338816688795511e+01 9.8146879463965050e+01 -3.4783561871609130e+01 1.9906148633584646e-06 1.9570230501625058e-02
1710 3.5534702496850521e+01 9.7921432813389202e+01 -3.0612512977634619e+01 7.2063852047254980e-05 1.9605554284230862e-02
1720 3.5731030760357704e+01 9.7563902823550961e+01 -2.6017881621778283e+01 5.9289142434737217e-05 1.9658403088911435e-02
1730 3.5927977896411790e+01 9.7169527981855367e+01 -2.0931999099777133e+01 -1.9572112704579303e-05 1.9725744676447072e-02
1740 3.6125662473622015e+01 9.6640378624319567e+01 -1.5625670720014396e+01 -8.5388251169448809e-05 1.9804693600212610e-02
1750 3.6324156874192518e+01 9.6116401292781802e+01 -1.0082089769580445e+01 7.4685802716708297e-05 1.9887656259002202e-02
1760 3.6523567604016563e+01 9.5504448666472811e+01 -4.4202157148521604e+00 4.4027467896406431e-05 1.9987941787447588e-02
1770 3.6724020918810581e+01 9.4911439382445110e+01 1.4313319041832167e+00 -1.9020501827601650e-05 2.0092900644149134e-02
1780 3.6925590228801582e+01 9.4406719650243375e+01 7.3099805698836349e+00 -4.4342715582542916e-06 2.0212803280596253e-02
1790 3.7128436998358531e+01 9.3983764497496168e+01 1.3189539855492843e+01 1.8999920092324920e-05 2.0344516249992638e-02
1800 3.7332691507437097e+01 9.3725593545318986e+01 1.9048366579050292e+01 4.8057070057983297e-05 2.0494073400811153e-02
1810 3.7538534706544361e+01 9.3553953764574075e+01 2.4817400668597390e+01 2.4144510246110064e-05 2.0661519505642763e-02
1820 3.7745502241505186e+01 9.3859078896088420e+01 3.0310360337720610e+01 5.3116654106292504e-05 2.0658379780124511e-02
1830 3.7950947338382065e+01 9.4190861326107125e+01 3.5357144895473468e+01 9.7118592071982964e-06 2.0451290215188815e-02
1840 3.8154343096132116e+01 9.4608181031975988e+01 3.9830362615443541e+01 4.8574209516601035e-05 2.0251219541933450e-02
1850 3.8355856072404471e+01 9.5133769772003419e+01 4.3554999251424441e+01 2.3919659155830926e-04 2.0072357147661157e-02
1860 3.8555694239518949e+01 9.5800143814594435e+01 4.6597257031294490e+01 5.3404655715106404e-05 1.9914137680941416e-02
1870 3.8754052013175190e+01 9.6522683086968669e+01 4.8815985066189981e+01 -9.7036707790966662e-05 1.9774684600778587e-02
1880 3.8951132207373284e+01 9.7193274304126817e+01 5.0147086544162946e+01 -3.4747723610718985e-04 1.9656796316815949e-02
1890 3.9147162318005236e+01 9.7830385406092475e+01 5.0707440450329003e+01 1.3152406436431707e-04 1.9562158571223204e-02
1900 3.9342370353870493e+01 9.8368997008635688e+01 5.0336837753115176e+01 1.2700275191839753e-04 1.9490377685547851e-02
1910 3.9537005335226901e+01 9.8809263311758372e+01 4.9233732014670132e+01 5.7049203884994446e-06 1.9445913333654970e-02
1920 3.9731340215551135e+01 9.9090243251470284e+01 4.7402895111917530e+01 3.6476478158498793e-04 1.9426339659809961e-02
1930 3.9925587222427829e+01 9.9271506992611478e+01 4.4883485123000085e+01 1.2178781942254825e-04 1.9425237585724193e-02
1940 4.0119891489814769e+01 9.9301801183657332e+01 4.1717526491358626e+01 1.8322775057143356e-04 1.9437319245698231e-02
1950 4.0314419586241144e+01 9.9123497969695720e+01 3.7907962068084814e+01 2.9335284779437201e-04 1.9467533840326613e-02
1960 4.0509329866161686e+01 9.8932163000636010e+01 3.3623371288853313e+01 2.4116275947663819e-04 1.9512914078997357e-02
1970 4.0704787676779738e+01 9.8389181210215071e+01 2.8642712594588389e+01 5.3818798153247256e-05 1.9574109496865281e-02
1980 4.0900921457593000e+01 9.7876982430043768e+01 2.3410665329908717e+01 4.2904723395872570e-05 1.9647900320726816e-02
1990 4.1097865802773455e+01 9.7238009718344998e+01 1.7732844588921914e+01 4.0499294458649134e-05 1.9732698264731573e-02
2000 4.1295691910749738e+01 9.6551495375192673e+01 1.1748537235433901e+01 7.1627472002371687e-05 1.9825734967928586e-02
2010 4.1494553529882495e+01 9.5792468578847362e+01 5.5240527141096107e+00 -6.5405409229007358e-05 1.9938634832107005e-02
2020 4.1694599575835916e+01 9.5077097883722772e+01 -8.1887971631054390e-01 4.4673959104305949e-05 2.0059796838198578e-02
2030 4.1895935830096661e+01 9.4366135748229411e+01 -7.3437195384666110e+00 -7.6337202089411284e-05 2.0197417523296297e-02
2040 4.2098759666659774e+01 9.3731642444806312e+01 -1.3921083431132676e+01 -4.6172745882449511e-05 2.0354895801677257e-02
2050 4.2303252526738824e+01 9.3241613470265705e+01 -2.0503439173557815e+01 -1.4573788957178917e-04 2.0527525567493560e-02
2060 4.2509533121891110e+01 9.2995530767339829e+01 -2.7073629167195101e+01 1.6333896299698978e-05 2.0712740654028117e-02
2070 4.2717270603845080e+01 9.3220396547903590e+01 -3.3411397336156050e+01 2.9452960651721310e-05 2.0750052609584596e-02
2080 4.2923370853768489e+01 9.3572409250311026e+01 -3.9197925461238782e+01 -1.0737480518459099e-04 2.0497972264494981e-02
2090 4.3127074724970228e+01 9.4143414909456894e+01 -4.4457548837969696e+01 -1.8221524774491840e-05 2.0270061721051755e-02
2100 4.3328615255823571e+01 9.4942640625334107e+01 -4.8915314768739456e+01 1.0797705118123453e-05 2.0060451309075609e-02
2110 4.3528146559228865e+01 9.5881384299567202e+01 -5.2513299121081062e+01 2.0491211860229912e-05 1.9868419891314697e-02
2120 4.3725870452541436e+01 9.6957041838004514e+01 -5.5187002328933076e+01 4.8649320509591064e-05 1.9697049775290680e-02
2130 4.3922007232998489e+01 9.8023591681429622e+01 -5.6959594834411178e+01 -1.1002504006584809e-04 1.9549365531000933e-02
2140 4.4116815040293105e+01 9.9076358089202728e+01 -5.7693085521725848e+01 -6.2203513466347064e-05 1.9428688657643644e-02
2150 4.4310573124102923e+01 9.9997770286501563e+01 -5.7537115216922857e+01 2.3465692746853031e-04 1.9336636010378123e-02
2160 4.4503552384259514e+01 1.0078429512175030e+02 -5.6510175074927275e+01 9.5444029407047384e-05 1.9270372359659085e-02
2170 4.4696023750485011e+01 1.0136284781894712e+02 -5.4587333858742809e+01 9.4507946580913379e-05 1.9232559455927264e-02
2180 4.4888290136600332e+01 1.0173864734452917e+02 -5.1881256389228220e+01 8.1568950186643548e-05 1.9225249672576692e-02
2190 4.5080566235463841e+01 1.0196044362282726e+02 -4.8541617971842612e+01 -5.2853079872570326e-05 1.9231401829446191e-02
2200 4.5272992467438833e+01 1.0197830463190940e+02 -4.4493989253768198e+01 -6.3757680099543439e-06 1.9254869959698905e-02
2210 4.5465742353055610e+01 1.0178021198288293e+02 -3.9823225746487651e+01 7.9743085782937664e-05 1.9293975528182475e-02
2220 4.5658990887042670e+01 1.0133221552644859e+02 -3.4581230507008478e+01 -1.0682401306635584e-04 1.9352901371505110e-02
2230 4.5852902346563077e+01 1.0069535157547439e+02 -2.8910554378275954e+01 7.1444515499224934e-05 1.9424732577069847e-02
2240 4.6047624980414263e+01 9.9966267952219155e+01 -2.2750209273528149e+01 3.8908592995946681e-04 1.9513489198654050e-02
2250 4.6243277421722624e+01 9.9184568795244090e+01 -1.6308196695732772e+01 -4.9477916667560391e-06 1.9608810640057671e-02
2260 4.6439959627748721e+01 9.8341694139953589e+01 -9.5381705543634450e+00 1.4470834871982199e-04 1.9719983754781095e-02
2270 4.6637871262803472e+01 9.7367805151414544e+01 -2.5745811202158242e+00 2.4389563674492929e-05 1.9850225461174081e-02
2280 4.6837116564389291e+01 9.6551126614675681e+01 4.6027101487417719e+00 -8.2297079462496101e-05 1.9987537583433197e-02
2290 4.7037841558580979e+01 9.5802384771074969e+01 1.1926631893135015e+01 -3.1581655656740389e-05 2.0145654752127030e-02
2300 4.7240271034092018e+01 9.5176187449174890e+01 1.9240697671657543e+01 2.9585530807363266e-05 2.0324074876161811e-02
2310 4.7444535694090355e+01 9.4971081763776340e+01 2.6568154500143887e+01 5.0267307149135544e-05 2.0511862740311290e-02
2320 4.7650607873498025e+01 9.5052119457157033e+01 3.3633605521947267e+01 -9.8790768950482459e-07 2.0655046366155033e-02
2330 4.7855849551254082e+01 9.5703602684171614e+01 4.0338304102694686e+01 1.1894418897778673e-04 2.0399031975542499e-02
2340 4.8058375311179539e+01 9.6299830514917289e+01 4.6234919237010658e+01 -1.3146644863394076e-05 2.0136836988520063e-02
2350 4.8258415628606926e+01 9.7280272396239695e+01 5.1185707167393502e+01 4.1759070285932813e-05 1.9898167798110010e-02
2360 4.8456189265630549e+01 9.8388403234567932e+01 5.5258345320950561e+01 2.1781737305913922e-04 1.9681940595176119e-02
2370 4.8651936165819315e+01 9.9655418877763012e+01 5.8324868952870261e+01 2.1584534179395473e-04 1.9490936190212162e-02
2380 4.8845927606674309e+01 1.0089670822081530e+02 6.0401133895757901e+01 8.0850416154688658e-05 1.9328589813834722e-02
2390 4.9038459977211716e+01 1.0207689328853120e+02 6.1432796438916959e+01 7.0232104172395212e-05 1.9195999124237556e-02
2400 4.9229832551358420e+01 1.0307595266721262e+02 6.1346917314849023e+01 6.5753709855670615e-05 1.9095276449284194e-02
2410 4.9420350993812043e+01 1.0397799918426706e+02 6.0399829413543742e+01 3.8742555942844064e-05 1.9020576450497807e-02
2420 4.9610280824756970e+01 1.0462639838021396e+02 5.8603303961961302e+01 7.4608835945900258e-05 1.8974063811459482e-02
2430 4.9799888347249841e+01 1.0504816653412564e+02 5.5934246017095120e+01 -8.5635867264671783e-05 1.8954308063817718e-02
2440 4.9989435794627411e+01 1.0525297529904736e+02 5.2589884042696760e+01 4.4972103719300376e-05 1.8956756354518430e-02
2450 5.0179084625291473e+01 1.0520813319753151e+02 4.8600837317760167e+01 5.8393830842293295e-05 1.8974387789815333e-02
2460 5.0369025496389455e+01 1.0484161684124651e+02 4.3828850811693449e+01 -2.6552474014841284e-05 1.9013890764666894e-02
2470 5.0559503511617031e+01 1.0430211440310927e+02 3.8522124569653322e+01 2.3726256570945922e-05 1.9079273861536641e-02
2480 5.0750724234622872e+01 1.0348908330112731e+02 3.2791279901993647e+01 -2.2375212936807955e-05 1.9159081362318274e-02
2490 5.0942835120008596e+01 1.0255656483819001e+02 2.6598597132404006e+01 -2.4577672216746377e-05 1.9255436287045090e-02
2500 5.1135945496066249e+01 1.0148125846302536e+02 1.9899423424430847e+01 1.0285262728487436e-07 1.9358497048288840e-02
2510 5.1330183745814075e+01 1.0039759839964027e+02 1.2884024819010678e+01 4.7407880988868400e-05 1.9479193610240080e-02
2520 5.1525638016493851e+01 9.9235024334591827e+01 5.6427612605429331e+00 -8.4876322973165673e-05 1.9600549764510360e-02
2530 5.1722391954702751e+01 9.8095013388733051e+01 -1.7801269166151177e+00 -7.2617958680216505e-06 1.9740682082427612e-02
2540 5.1920683352906060e+01 9.7087368437077089e+01 -9.5090778756809939e+00 1.8744348314518784e-05 1.9901515970556255e-02
2550 5.2120598887873278e+01 9.6260739876234751e+01 -1.7208668304794564e+01 -1.7456650269676152e-04 2.0067736495767798e-02
2560 5.2322288611686517e+01 9.5688847221174768e+01 -2.4899291794125755e+01 -5.7777325575740209e-05 2.0255421394362934e-02
2570 5.2525981166849348e+01 9.5514376015731685e+01 -3.2466682494345243e+01 2.5038742671609252e-05 2.0463892294104516e-02
2580 5.2730816466271555e+01 9.6014258340250692e+01 -3.9834803658081086e+01 -5.9823000317109437e-05 2.0406831653360338e-02
2590 5.2933296650319527e+01 9.6633933696072546e+01 -4.6298153944642401e+01 2.5016316330259567e-06 2.0121509536674548e-02
2600 5.3133085057897496e+01 9.7575591176953907e+01 -5.2059207677783576e+01 2.7597877314874736e-05 1.9867452385019163e-02
2610 5.3330482471655074e+01 9.8719798927278219e+01 -5.6750087513353144e+01 1.9508736983982193e-05 1.9637174537973090e-02
2620 5.3525692450895157e+01 1.0003125285234302e+02 -6.0391478588162755e+01 6.3604420874935905e-05 1.9429899930396618e-02
2630 5.3718982241797704e+01 1.0145066263902235e+02 -6.2979369983240574e+01 -7.8425967805059396e-05 1.9250831999768112e-02
2640 5.3910649435454729e+01 1.0284233029325154e+02 -6.4558554406353110e+01 1.2171627782963571e-04 1.9102498476459465e-02
2650 5.4101005328211272e+01 1.0409248537100638e+02 -6.5015170058274393e+01 3.2487085450270424e-05 1.8985641029083230e-02
2660 5.4290385869591823e+01 1.0516552150633258e+02 -6.4345710195274748e+01 -7.1434518373109907e-05 1.8901901566345101e-02
2670 5.4479068994161857e+01 1.0594787204187500e+02 -6.2842379782726795e+01 1.2728962250080298e-05 1.8844903479038444e-02
2680 5.4667323545046777e+01 1.0654713400047649e+02 -6.0519132913637037e+01 7.0441232689883812e-05 1.8813384661741896e-02
2690 5.4855411488736003e+01 1.0685978442628543e+02 -5.7339580639374617e+01 6.4476897312357973e-05 1.8808308724288323e-02
2700 5.5043541396831536e+01 1.0693306539007001e+02 -5.3539514667463344e+01 2.7331516688391673e-05 1.8819595848437849e-02
2710 5.5231896501786998e+01 1.0668939678819268e+02 -4.9102974847969293e+01 6.1921066692983268e-05 1.8851973960046339e-02
2720 5.5420709094792322e+01 1.0622731021880057e+02 -4.3868091384845478e+01 2.2385242315432551e-05 1.8909176643276449e-02
2730 5.5610211543348782e+01 1.0545261681180585e+02 -3.8209332371265312e+01 -1.4743267733323211e-04 1.8985233981969656e-02
2740 5.5800547488973670e+01 1.0442487731540051e+02 -3.2056732224219246e+01 -2.4038083903982350e-05 1.9076341131571733e-02
2750 5.5991865195300761e+01 1.0329501890143452e+02 -2.5422457960630140e+01 -1.3124953769473851e-04 1.9177461638610022e-02
2760 5.6184252750658743e+01 1.0205822366409834e+02 -1.8364867555360149e+01 -2.2659002499869033e-04 1.9292032464340764e-02
2770 5.6377868151337267e+01 1.0079985937869125e+02 -1.1024784666926966e+01 3.2106299147790063e-05 1.9417140285835945e-02
2780 5.6572743741346791e+01 9.9483920375585825e+01 -3.4312506748616500e+00 -6.5678716844742003e-05 1.9548031117292419e-02
2790 5.6769064602417764e+01 9.8256950359855466e+01 4.4035766058478218e+00 -7.8803308589369685e-05 1.9705282717027893e-02
2800 5.6967021488103256e+01 9.7269948485935473e+01 1.2514315751095170e+01 -7.6935651482767738e-05 1.9869695836397375e-02
2810 5.7166679407068301e+01 9.6524987248847324e+01 2.0568152861137907e+01 -7.1582941686598836e-05 2.0047822760670183e-02
2820 5.7368258682521770e+01 9.6140656277612834e+01 2.8601747834771047e+01 4.1078626764983669e-06 2.0251995452044421e-02
2830 5.7571888359540111e+01 9.6254410991572342e+01 3.6480501076548876e+01 9.0873405596446385e-05 2.0429524739411342e-02
2840 5.7775122992394159e+01 9.7028007134865121e+01 4.3933911550332759e+01 2.5410943376235465e-06 2.0189014470636785e-02
2850 5.7975418383721568e+01 9.7954754323412743e+01 5.0458610095247231e+01 -2.4817225686482875e-05 1.9904833470051661e-02
2860 5.8173065688602414e+01 9.9121098086139426e+01 5.6019555262570037e+01 1.6965487534385449e-05 1.9654295541731398e-02
2870 5.8368351513310500e+01 1.0057916827834190e+02 6.0504246000496366e+01 7.0796246703380534e-05 1.9429725061877227e-02
2880 5.8561529388092765e+01 1.0215453125347511e+02 6.3879045625937067e+01 6.0803073247205095e-05 1.9230414111723691e-02
2890 5.8752838406119885e+01 1.0376875968652891e+02 6.6253290456523587e+01 4.7303365148581284e-05 1.9053950286169335e-02
2900 5.8942568525450945e+01 1.0526128956149516e+02 6.7457068404410464e+01 5.6747414637519215e-05 1.8912438489688807e-02
2910 5.9131098895581722e+01 1.0652823283189477e+02 6.7523180146294763e+01 5.6558739692825779e-05 1.8808946868809864e-02
2920 5.9318748646657717e+01 1.0757564921309590e+02 6.6514325978194364e+01 1.5943164934346805e-04 1.8733940541154008e-02
2930 5.9505836886886179e+01 1.0841751647010548e+02 6.4701767855774435e+01 7.4296862013514817e-05 1.8693639755663276e-02
2940 5.9692696855209981e+01 1.0893367901650910e+02 6.2073674166221565e+01 -3.3676991420243164e-05 1.8683581602746347e-02
2950 5.9879525640060024e+01 1.0917894937379755e+02 5.8618599380393611e+01 -9.6850317081620135e-06 1.8683892011626426e-02
2960 6.0066423486140742e+01 1.0913305142689039e+02 5.4559445611438441e+01 -1.7963142956691055e-04 1.8697054520572413e-02
2970 6.0253558477670389e+01 1.0871833021906451e+02 4.9771734395915395e+01 -1.3679265996970953e-04 1.8730518798697159e-02
2980 6.0441166576314941e+01 1.0801592291380885e+02 4.4363621270837740e+01 -8.5339685936321527e-05 1.8789683782388707e-02
2990 6.0629517537354545e+01 1.0699397685397561e+02 3.8477039557853821e+01 -6.7116866767353876e-07 1.8875544584024056e-02
3000 6.0818811172373607e+01 1.0577281039877374e+02 3.2140747763775444e+01 6.8976114495077786e-06 1.8975962844243209e-02
3010 6.1009192505322410e+01 1.0435263632428433e+02 2.5271548089987483e+01 -4.2006122839507308e-05 1.9088638591936331e-02
3020 6.1200714406520348e+01 1.0285783746597683e+02 1.7925008637896717e+01 -1.2572978457586439e-04 1.9206684618613197e-02
3030 6.1393526814062049e+01 1.0131037085740500e+02 1.0334253103355302e+01 -1.6658831112261464e-04 1.9344062925239495e-02
3040 6.1587708610517353e+01 9.9825672235735638e+01 2.4620066323294965e+00 -8.0893212633339294e-05 1.9479609102637133e-02
3050 6.1783332341847164e+01 9.8456208428102926e+01 -5.6445558345172646e+00 -3.8494870959025090e-05 1.9634324909475202e-02
3060 6.1980655099689884e+01 9.7315658322911020e+01 -1.4086464986340816e+01 -6.2248592819049212e-05 1.9813012288932355e-02
3070 6.2179765960111453e+01 9.6527897931728404e+01 -2.2471029424542838e+01 -6.2215154082964053e-05 1.9992898644435209e-02
3080 6.2380768500977211e+01 9.6143837654186783e+01 -3.0797536174379093e+01 -6.7737090747826251e-05 2.0191781915918149e-02
3090 6.2583780467002697e+01 9.6415803296614541e+01 -3.8952837192247230e+01 -1.0216943378480054e-04 2.0362373229338523e-02
3100 6.2786113504005549e+01 9.7280726650157789e+01 -4.6551357844724684e+01 -4.2411774358924582e-05 2.0092166203341009e-02
3110 6.2985407308211769e+01 9.8392252076618561e+01 -5.3217266124668683e+01 1.7443796496022311e-05 1.9802336464468343e-02
3120 6.3182005157129488e+01 9.9786682048203417e+01 -5.8803790756372742e+01 5.4906746297074521e-06 1.9547588511734878e-02
3130 6.3376208599830314e+01 1.0142907915179458e+02 -6.3225745351209078e+01 -3.4067176101907204e-05 1.9320373826988767e-02
3140 6.3568291473603423e+01 1.0316637149787154e+02 -6.6501211997442894e+01 8.8135363543164921e-06 1.9120865862660610e-02
3150 6.3758515070115507e+01 1.0494251585573889e+02 -6.8717669076763272e+01 -2.8004750162913418e-05 1.8945687469931242e-02
3160 6.3947175036767604e+01 1.0654661316888476e+02 -6.9764580857407921e+01 -1.1753418008687030e-05 1.8806644677265186e-02
3170 6.4134664717239332e+01 1.0793608041054972e+02 -6.9672240527263895e+01 -9.5984091839008588e-05 1.8705824690225331e-02
3180 6.4321304920961481e+01 1.0901514793283120e+02 -6.8407912223523397e+01 -1.6807329730170298e-04 1.8634190570971300e-02
3190 6.4507406704683348e+01 1.0983263421243500e+02 -6.6438459936127984e+01 2.8685247028568307e-05 1.8595442429582571e-02
3200 6.4693311349841039e+01 1.1034183202136609e+02 -6.3611914953228286e+01 -5.8343122503699879e-05 1.8588108924988744e-02
3210 6.4879201781770547e+01 1.1053372758702710e+02 -5.9956242250124184e+01 -4.5612270174347856e-05 1.8591317191546608e-02
3220 6.5065195083562060e+01 1.1040475810359452e+02 -5.5710974329456896e+01 -1.3198448933386848e-04 1.8608477083429609e-02
3230 6.5251469714494206e+01 1.0989547282274215e+02 -5.0741583705796771e+01 -6.4952807537319956e-04 1.8646633127310058e-02
3240 6.5438266731690064e+01 1.0909414030608403e+02 -4.5192831485961243e+01 -1.0733767371580568e-04 1.8710893593646246e-02
3250 6.5625854598536336e+01 1.0795313418304222e+02 -3.9127122240655574e+01 -4.2718605406416954e-05 1.8800449750965394e-02
3260 6.5814413335156459e+01 1.0656502046437170e+02 -3.2604543563882537e+01 -1.3117118373980226e-04 1.8903961041497379e-02
3270 6.6004082135177086e+01 1.0502976630868339e+02 -2.5568842353577452e+01 -2.1041304712721049e-05 1.9017701919836601e-02
3280 6.6194908750493937e+01 1.0341476701162449e+02 -1.8065140334908914e+01 -8.6419434947546228e-05 1.9138513519472801e-02
3290 6.6387057565793413e+01 1.0172990776589081e+02 -1.0305394760061214e+01 -9.0479627072206212e-05 1.9278229722311711e-02
3300 6.6580585026946409e+01 1.0015171336481477e+02 -2.2119857775442178e+00 -1.1702409599660500e-04 1.9414986719585765e-02
3310 6.6775579322159729e+01 9.8715746308769241e+01 6.1908453662621197e+00 -1.0511236691186488e-04 1.9572949053299683e-02
3320 6.6972301167244197e+01 9.7583841807949284e+01 1.4830644179951085e+01 -3.2964273851857618e-05 1.9752959512697250e-02
3330 6.7170812825210405e+01 9.6859127034448107e+01 2.3456670360240221e+01 -1.3428743852493125e-05 1.9933667220403857e-02
3340 6.7371239635637494e+01 9.6577827857103955e+01 3.2014713285452970e+01 -7.3003036089340181e-05 2.0136036465442219e-02
3350 6.7573664162444274e+01 9.7010142329392096e+01 4.0381147694919264e+01 5.6350447093152222e-05 2.0293098094016162e-02
3360 6.7774980410517472e+01 9.8013902188520873e+01 4.8103246508939662e+01 3.6774545832358936e-05 1.9989303716405529e-02
3370 6.7973254065812071e+01 9.9311027063654080e+01 5.4835450032876963e+01 1.5878670179647622e-04 1.9701022326619234e-02
3380 6.8168850451732339e+01 1.0084531691749318e+02 6.0434022375998524e+01 7.8419276391700931e-05 1.9448500683297995e-02
3390 6.8362058323858690e+01 1.0265010595572518e+02 6.4860385578512407e+01 7.8626503022834014e-05 1.9218515152483514e-02
3400 6.8553086054482179e+01 1.0448626969282191e+02 6.8065068840892479e+01 2.1998168332391555e-04 1.9013086469601204e-02
3410 6.8742243868469657e+01 1.0631770314105604e+02 7.0201506531996657e+01 1.8921053711788165e-04 1.8842667440164027e-02
3420 6.8929913638454295e+01 1.0795789341443636e+02 7.1154041812404614e+01 6.1850163034129544e-05 1.8710076974054822e-02
3430 6.9116416059621301e+01 1.0935684512373477e+02 7.0956166719069984e+01 1.0829400106460816e-04 1.8606502323370813e-02
3440 6.9302067384962541e+01 1.1043374422105460e+02 6.9659689410734714e+01 2.3430053115375615e-04 1.8536714544155130e-02
3450 6.9487228612455951e+01 1.1125806270989398e+02 6.7582694362808667e+01 3.1729493139667184e-05 1.8503616061955056e-02
3460 6.9672204710175890e+01 1.1172546432511535e+02 6.4667035199935754e+01 7.8027040023149769e-05 1.8496248213058113e-02
3470 6.9857200311938215e+01 1.1185448337053474e+02 6.0930156468918717e+01 -5.9389630389121867e-05 1.8504771322765286e-02
3480 7.0042360373018056e+01 1.1165972138341255e+02 5.6613227758272721e+01 -1.5295225895413592e-04 1.8527304341118725e-02
3490 7.0227844567191894e+01 1.1102560910433039e+02 5.1567711075205757e+01 -2.7869774107638906e-04 1.8569178431020236e-02
3500 7.0413874517806065e+01 1.1014120307575267e+02 4.5996629692711373e+01 -1.2997000448985005e-05 1.8634333730804253e-02
3510 7.0600697194632971e+01 1.0886577282291930e+02 3.9845830207615890e+01 -4.1329652866798170e-05 1.8725617403531757e-02
3520 7.0788534958307494e+01 1.0734141898639035e+02 3.3248416690655702e+01 -1.5599351431565454e-04 1.8832835277434644e-02
3530 7.0977522780429197e+01 1.0566511290650229e+02 2.6164264039434677e+01 -1.0171885740797565e-04 1.8953544886521762e-02
3540 7.1167719261082212e+01 1.0390425833893947e+02 1.8555085466300767e+01 -1.5745273987340016e-04 1.9075205900960648e-02
3550 7.1359228570717306e+01 1.0208071851105554e+02 1.0684444713393797e+01 -1.9139864441042689e-04 1.9216919664161829e-02
3560 7.1552193253983319e+01 1.0038769744655971e+02 2.4750245720368524e+00 -2.2646127602427964e-04 1.9360201175034321e-02
3570 7.1746615017560984e+01 9.8852516648978593e+01 -6.0355320662821326e+00 -1.1933982982426910e-04 1.9513032303025934e-02
3580 7.1942723148806124e+01 9.7636904881517694e+01 -1.4854926250688846e+01 -9.0532008964874707e-05 1.9695066806374648e-02
3590 7.2140685566287118e+01 9.6875245412104434e+01 -2.3638747504670324e+01 -1.3931782343870228e-04 1.9878653766725190e-02
3600 7.2340530286876174e+01 9.6633255417700454e+01 -3.2362942628614597e+01 4.2371194002066092e-05 2.0074429356167392e-02
3610 7.2542364298500999e+01 9.7019180571538442e+01 -4.0864261935289349e+01 -2.1026170787762067e-04 2.0244765002703710e-02
3620 7.2743417324699962e+01 9.8094980557530320e+01 -4.8745118131517316e+01 2.1972921974583532e-04 1.9960654153809921e-02
3630 7.2941371195567939e+01 9.9450528048285321e+01 -5.5655987045834237e+01 -2.1672777695118058e-04 1.9666596908775619e-02
3640 7.3136600074837460e+01 1.0110044534614124e+02 -6.1386268248911918e+01 -7.9359201588893212e-05 1.9409965645681180e-02
3650 7.3329419727884925e+01 1.0300154177837089e+02 -6.5901434164421161e+01 -1.2927613044232914e-04 1.9179718610394070e-02
3660 7.3520047050695709e+01 1.0495674338756446e+02 -6.9206890053869486e+01 7.2307722709704918e-05 1.8971333247580047e-02
3670 7.3708774346248944e+01 1.0689446533932080e+02 -7.1375835031960108e+01 2.7929864327610338e-05 1.8797568809202036e-02
3680 7.3895981594379435e+01 1.0858204428202421e+02 -7.2340978818620741e+01 2.1737393651473877e-05 1.8662708975923811e-02
3690 7.4082012006713441e+01 1.1002510078315888e+02 -7.2151434487526458e+01 5.5542235805155734e-05 1.8558612358070655e-02
3700 7.4267175763985222e+01 1.1122821205331940e+02 -7.0955926297501151e+01 1.8861064125542278e-04 1.8486845864032330e-02
3710 7.4451823526757252e+01 1.1201930753053688e+02 -6.8763448562100592e+01 3.5578534883765484e-05 1.8452398426028457e-02
3720 7.4636296745833945e+01 1.1250263624787718e+02 -6.5836578053015060e+01 -2.8315093031550311e-05 1.8446237579978368e-02
3730 7.4820791571751030e+01 1.1263069590362080e+02 -6.2073978388455878e+01 8.4659997265860163e-06 1.8454434033142182e-02
3740 7.5005440552149565e+01 1.1242218193130486e+02 -5.7730982263395177e+01 -1.6865994748623017e-04 1.8475734090580856e-02
3750 7.5190405129919171e+01 1.1179248653097567e+02 -5.2702553553968841e+01 -2.4905358769932999e-05 1.8516808952665290e-02
3760 7.5375907136482297e+01 1.1086836249117084e+02 -4.7062916712492608e+01 -3.8737654332644137e-05 1.8581289447611279e-02
3770 7.5562197840043737e+01 1.0954100337397182e+02 -4.0893105576817966e+01 -2.7443687297306800e-05 1.8672333798839778e-02
3780 7.5749499047924473e+01 1.0796010087796130e+02 -3.4277021329453738e+01 7.1130425327713904e-05 1.8778919047625617e-02
3790 7.5937946044196678e+01 1.0623223661578443e+02 -2.7129599699860055e+01 -1.4626534282354494e-04 1.8899443017641408e-02
3800 7.6127598882640783e+01 1.0437497135334036e+02 -1.9490626472550677e+01 -1.2712060222906083e-04 1.9020548446622258e-02
3810 7.6318557348101805e+01 1.0249663323792680e+02 -1.1463242136024141e+01 -2.1955781385939334e-04 1.9161465433942683e-02
3820 7.6510971204425360e+01 1.0074153023402596e+02 -3.2364517317026205e+00 -4.2368280245597966e-05 1.9304960805094813e-02
3830 7.6704833167351964e+01 9.9169034952531419e+01 5.4043944822209538e+00 -1.6986050853473955e-05 1.9456357809797143e-02
3840 7.6900366666411571e+01 9.7913082056290918e+01 1.4323472779311123e+01 -1.5977398947382990e-04 1.9637280319166419e-02
3850 7.7097745985162547e+01 9.7136494014041887e+01 2.3247317404620585e+01 -9.2782186717901063e-05 1.9819629213137038e-02
3860 7.7296992453266640e+01 9.6823498743466587e+01 3.2117546181835579e+01 -8.1457166658107199e-05 2.0014113870576680e-02
3870 7.7498256946292429e+01 9.7286230400473073e+01 4.0767530829978405e+01 -1.0356947840145885e-04 2.0196913781763311e-02
3880 7.7699065629024204e+01 9.8448666708652269e+01 4.8835664454534431e+01 3.4010754511136374e-04 1.9937959735514165e-02
3890 7.7896775461859619e+01 9.9830881629284903e+01 5.5914302881586337e+01 -1.9704365146715422e-05 1.9640809770588227e-02
3900 7.8091734092538871e+01 1.0153726874387942e+02 6.1794095620525432e+01 -5.5994001225658785e-06 1.9382125236104823e-02
3910 7.8284213982691853e+01 1.0351178251991789e+02 6.6436408971657187e+01 -9.9450359017651293e-05 1.9142666628247190e-02
3920 7.8474459562614712e+01 1.0547670088615641e+02 6.9814848522746303e+01 -4.5493186584576782e-05 1.8932475558360511e-02
3930 7.8662792174042735e+01 1.0748243930203016e+02 7.2065549099406923e+01 3.9744474100649897e-05 1.8758663352532737e-02
3940 7.8849591699646950e+01 1.0927314193038423e+02 7.3150456920161247e+01 5.4791711353516955e-05 1.8620125585956340e-02
3950 7.9035178837049983e+01 1.1074398321081823e+02 7.3018634937098241e+01 3.8538556284389073e-05 1.8513843144950092e-02
3960 7.9219904861604590e+01 1.1199473078711655e+02 7.1890102067428430e+01 2.0909616201306538e-04 1.8443813440599179e-02
3970 7.9404093928610507e+01 1.1279041856700677e+02 6.9726279440021784e+01 1.7101353292134298e-05 1.8402925220815877e-02
3980 7.9588037956019008e+01 1.1328957235429961e+02 6.6853058908569722e+01 1.9396818475435131e-05 1.8391849405581910e-02
3990 7.9771980627952047e+01 1.1338638560479382e+02 6.3102901849723082e+01 9.9537127694437089e-05 1.8398509531726340e-02
4000 7.9956090062554580e+01 1.1317383092608320e+02 5.8792654166998680e+01 4.6113958852201384e-05 1.8423483139972694e-02
4010 8.0140533786024363e+01 1.1255304235881469e+02 5.3811935890075937e+01 -4.6936626623026199e-05 1.8464488878393092e-02
4020 8.0325511412194999e+01 1.1156917997700458e+02 4.8159703208856421e+01 -2.1776332686536481e-05 1.8528612053832952e-02
4030 8.0511261203059831e+01 1.1022192940868396e+02 4.2030184155439677e+01 -2.2934625925580252e-04 1.8616713678709474e-02
4040 8.0698019379034903e+01 1.0860260670695257e+02 3.5433566864882138e+01 1.4382305575096749e-04 1.8725586373726961e-02
4050 8.0885928473995421e+01 1.0680023091261928e+02 2.8302543930879171e+01 -7.1521625715905178e-05 1.8847071697498795e-02
4060 8.1075076336894540e+01 1.0489653676663529e+02 2.0674240587584237e+01 -1.6344954878063308e-04 1.8970085602365766e-02
4070 8.1265505570458771e+01 1.0293677072984526e+02 1.2688263573429243e+01 3.1810323976571923e-06 1.9106115865181836e-02
4080 8.1457403565358888e+01 1.0109969303839024e+02 4.3855963459929246e+00 -8.2642020601619124e-05 1.9256271787272593e-02
4090 8.1650767566968526e+01 9.9448801232802253e+01 -4.2880497482492119e+00 -1.5197388679730504e-04 1.9404080846417739e-02
4100 8.1845734345036234e+01 9.8099885746971069e+01 -1.3200482476551588e+01 -2.9325495843718320e-04 1.9577355426797984e-02
4110 8.2042558060943563e+01 9.7245838506900881e+01 -2.2311441627001489e+01 2.0051410124414872e-05 1.9766087854755927e-02
4120 8.2241245315103981e+01 9.6879737254768827e+01 -3.1289508052022153e+01 -5.3093465405839235e-05 1.9955395319469698e-02
4130 8.2441932347511766e+01 9.7220160924723899e+01 -4.0046273740429285e+01 -2.7715454254741124e-04 2.0154918493818903e-02
4140 8.2642799257103988e+01 9.8411315730704302e+01 -4.8400007883631076e+01 4.7977193067092232e-05 1.9953754171031887e-02
4150 8.2840622700174379e+01 9.9803556158523733e+01 -5.5652343317830805e+01 -1.9713792462881133e-05 1.9648295662675078e-02
4160 8.3035618280709286e+01 1.0155617703695943e+02 -6.1658841106385545e+01 4.2575739043550497e-05 1.9383184433948795e-02
4170 8.3228114006740810e+01 1.0352227198779337e+02 -6.6481729097772543e+01 -1.0580924201166152e-06 1.9142445889409360e-02
4180 8.3418335568573056e+01 1.0557843767307372e+02 -7.0076059165958924e+01 6.5793810583699228e-05 1.8928383525370664e-02
4190 8.3606602079561327e+01 1.0761961758213927e+02 -7.2502383846798494e+01 2.2354357007247413e-04 1.8749289336323555e-02
4200 8.3793279006567957e+01 1.0944307579296949e+02 -7.3721529984635197e+01 3.0240120832931197e-05 1.8604929950349174e-02
4210 8.3978684523422629e+01 1.1098958768942903e+02 -7.3711049128902445e+01 3.1473453264816869e-05 1.8492711574812040e-02
4220 8.4163154517161686e+01 1.1225980130287316e+02 -7.2661338193391032e+01 1.2645542441007302e-06 1.8415120879696066e-02
4230 8.4347050582593994e+01 1.1313486443211087e+02 -7.0609675431638806e+01 -5.2115912682717319e-06 1.8374123570839604e-02
4240 8.4530700548045090e+01 1.1368173672965374e+02 -6.7807756722852503e+01 -5.2721743014879180e-06 1.8361491501978414e-02
4250 8.4714333066752886e+01 1.1383496137979459e+02 -6.4132210478980454e+01 2.6604316235286646e-05 1.8366700973513814e-02
4260 8.4898111207091759e+01 1.1364368895118091e+02 -5.9868731000457871e+01 -3.2339674090963309e-05 1.8389194750632304e-02
4270 8.5082196990870912e+01 1.1308670956770787e+02 -5.4958369478745958e+01 8.9994044817716547e-05 1.8427436884634156e-02
4280 8.5266788161847430e+01 1.1210303813617482e+02 -4.9369874903079527e+01 -8.6547737794331187e-05 1.8488605337980454e-02
4290 8.5452121923173934e+01 1.1077317287250152e+02 -4.3322646354954827e+01 2.2457629152864875e-05 1.8573846773286599e-02
4300 8.5638441064641100e+01 1.0918761413525803e+02 -3.6746011278428924e+01 -1.1920201251611507e-04 1.8681073950583015e-02
4310 8.5825893914105507e+01 1.0736135016018268e+02 -2.9591038476617491e+01 -1.0589246475119270e-04 1.8800679417200133e-02
4320 8.6014582017168095e+01 1.0543546998520084e+02 -2.1995579472782417e+01 -6.1579403669808193e-05 1.8923833850663905e-02
4330 8.6204536063714599e+01 1.0339008427257893e+02 -1.3984860495112061e+01 -4.2211492633323592e-05 1.9057299692596869e-02
4340 8.6395942861652728e+01 1.0153172215927349e+02 -5.6862455137093129e+00 -1.3460354905298118e-04 1.9207798696259552e-02
4350 8.6588814327570262e+01 9.9815941882990046e+01 3.0261440288617760e+00 -8.9337639096480437e-05 1.9353626434141635e-02
4360 8.6783254839348089e+01 9.8421623155800319e+01 1.2118440677938693e+01 -1.8790113954216838e-04 1.9522871205868847e-02
4370 8.6979528380986835e+01 9.7508351516142511e+01 2.1161724682404106e+01 -4.8924830228331377e-05 1.9711033082701022e-02
4380 8.7177652641866814e+01 9.7099787810942033e+01 3.0259427849840840e+01 5.8672358576521860e-06 1.9897786328266810e-02
4390 8.7377765407418522e+01 9.7322898499140834e+01 3.9175653225728844e+01 2.6622807955512445e-04 2.0106369243188156e-02
4400 8.7578622407751027e+01 9.8520865802777593e+01 4.7666173096723846e+01 9.0555901264691068e-05 1.9972017454653015e-02
4410 8.7776610176274033e+01 9.9863327170259907e+01 5.5110449622238633e+01 3.6836778748330348e-04 1.9662160236158854e-02
4420 8.7971713683302056e+01 1.0162971895385982e+02 6.1331872895511097e+01 6.2940657955828970e-05 1.9391723716741017e-02
4430 8.8164235277286551e+01 1.0362071778314190e+02 6.6380831375658133e+01 1.2846691773260645e-04 1.9142794469087423e-02
4440 8.8354434766580283e+01 1.0569137212571913e+02 7.0243960879568547e+01 -1.6892545699294519e-04 1.8923839243630974e-02
4450 8.8542629225051584e+01 1.0777377843740183e+02 7.2731285966635326e+01 1.0902000632560621e-04 1.8740645912825007e-02
4460 8.8729193967536276e+01 1.0968790194906003e+02 7.4105361526253489e+01 1.6891284098060694e-04 1.8592271608225675e-02
4470 8.8914450465001593e+01 1.1128408363045288e+02 7.4273717389139009e+01 2.0951252654093121e-04 1.8476561728083041e-02
4480 8.9098754257832780e+01 1.1260111664842537e+02 7.3368276719741090e+01 8.2671567544627026e-05 1.8397588398040648e-02
4490 8.9282434175241875e+01 1.1353126806126281e+02 7.1435310811361191e+01 1.5392166687857610e-04 1.8348072600047515e-02
4500 8.9465782529044048e+01 1.1412478057351943e+02 6.8731383362497240e+01 5.5547200729785131e-05 1.8328634248359968e-02
4510 8.9649075772874824e+01 1.1434051413500919e+02 6.5232913052675357e+01 6.5304694896191719e-05 1.8331587548007955e-02
4520 8.9832485812551880e+01 1.1415689050790488e+02 6.0971513250231119e+01 3.9512745954428778e-05 1.8352162561592295e-02
4530 9.0016207042558833e+01 1.1360431133414031e+02 5.6077693745151912e+01 -1.0646168965571398e-04 1.8390548952838748e-02
4540 9.0200410935467971e+01 1.1266109022154284e+02 5.0622198664897979e+01 -2.6309220042174899e-05 1.8448357690534628e-02
4550 9.0385327405718343e+01 1.1139391237710009e+02 4.4579474421078054e+01 -1.4733097073376801e-04 1.8530511517560390e-02
4560 9.0571195639062921e+01 1.0975456309041081e+02 3.8117242031906926e+01 -1.9949467611742207e-04 1.8635978139849702e-02
4570 9.0758193290472704e+01 1.0789672514295638e+02 3.1068254850774316e+01 -1.9919678938493883e-04 1.8753895760492613e-02
4580 9.0946436064224940e+01 1.0594124812586738e+02 2.3494405842306186e+01 -1.7455734064350401e-04 1.8880694318528488e-02
4590 9.1135940975302077e+01 1.0392533561720236e+02 1.5543346421171092e+01 -3.3900890883451255e-04 1.9010076486707800e-02
4600 9.1326858744938477e+01 1.0193951011745294e+02 7.1784831775118381e+00 -2.3042015088241909e-04 1.9161543415112101e-02
4610 9.1519281180426660e+01 1.0016273612900480e+02 -1.4691567439125108e+00 -2.5009001879431979e-04 1.9308043547719585e-02
4620 9.1713224571064387e+01 9.8637336867206344e+01 -1.0450874547456056e+01 -5.1079441513710087e-04 1.9469238473432654e-02
4630 9.1908947797964871e+01 9.7629548539365544e+01 -1.9681050903136882e+01 -2.9794400337316066e-04 1.9658731332865519e-02
4640 9.2106554383715775e+01 9.7149102721230335e+01 -2.8813410305918410e+01 -2.6913640639114400e-04 1.9844423816102623e-02
4650 9.2306092789124918e+01 9.7216270746709498e+01 -3.7770804811266757e+01 -2.7718182498176728e-05 2.0047482904398790e-02
4660 9.2506981102021612e+01 9.8336845906469861e+01 -4.6476808636927402e+01 -3.1386011703365973e-04 2.0017019321356876e-02
4670 9.2705373983198385e+01 9.9639626124200490e+01 -5.4135387323116319e+01 -1.4931227780761756e-04 1.9698641845759493e-02
4680 9.2900798255324631e+01 1.0139297540521410e+02 -6.0663607514498686e+01 -1.7330830462675419e-04 1.9420606509509053e-02
4690 9.3093616696807700e+01 1.0336971074379201e+02 -6.5930999889499290e+01 -1.4231415821703224e-04 1.9170383300829635e-02
4700 9.3284057114196884e+01 1.0549752883537994e+02 -6.9945588621987810e+01 -1.3503384115496432e-04 1.8945730985153706e-02
4710 9.3472427806781411e+01 1.0758781887596952e+02 -7.2717493420826386e+01 -1.1043007481152350e-04 1.8754523638069773e-02
4720 9.3659094151786675e+01 1.0954271243723241e+02 -7.4317943689076188e+01 6.4693312258707917e-05 1.8600137522093156e-02
4730 9.3844398327314565e+01 1.1125693557238087e+02 -7.4735612683200387e+01 -5.8939317676932098e-04 1.8478077695914936e-02
4740 9.4028668569886207e+01 1.1259333566731857e+02 -7.3963199816377738e+01 1.6430736018350884e-05 1.8390647264510944e-02
4750 9.4212257978325781e+01 1.1363741553133067e+02 -7.2284028883082271e+01 -1.0058430054896444e-04 1.8338420615376268e-02
4760 9.4395497259319086e+01 1.1427270134196033e+02 -6.9580416481385924e+01 -3.5443104489396261e-05 1.8315940851518709e-02
4770 9.4578650177778613e+01 1.1454461099375892e+02 -6.6195095394531080e+01 4.2580018903716858e-05 1.8316688670445787e-02
4780 9.4761894190198433e+01 1.1443007172634618e+02 -6.2031306467162139e+01 1.0552570413902913e-05 1.8334007468179588e-02
4790 9.4945410822106496e+01 1.1393592952881733e+02 -5.7274698576867912e+01 5.6021889285069085e-06 1.8368231291447532e-02
4800 9.5129369448634463e+01 1.1304225582175768e+02 -5.1870128628615412e+01 -3.2518509563688969e-05 1.8422055509763127e-02
4810 9.5313999420959945e+01 1.1183031885471991e+02 -4.5940875866964589e+01 -2.4742712442844213e-05 1.8499953691440488e-02
4820 9.5499542039506039e+01 1.1025384261277978e+02 -3.9505125866929831e+01 1.2025253653367854e-03 1.8602217727170675e-02
4830 9.5686188948973779e+01 1.0838975575895698e+02 -3.2540201353430660e+01 3.2086851271163129e-05 1.8717520030297332e-02
4840 9.5874060207972704e+01 1.0641545498300191e+02 -2.5049756124406517e+01 -1.0570365284891261e-04 1.8843487307825077e-02
4850 9.6063182365545970e+01 1.0441513300223471e+02 -1.7075446721583145e+01 9.2649249231031131e-05 1.8970561240674769e-02
4860 9.6253686861165079e+01 1.0238082135950143e+02 -8.7929159801761685e+00 2.5180158809716299e-05 1.9119622817626358e-02
4870 9.6445690561872283e+01 1.0056345380924640e+02 -1.2465102205419205e-01 9.9204896986637901e-05 1.9265488600303655e-02
4880 9.6639188954777623e+01 9.9007858197722513e+01 8.8577568525654726e+00 -3.7382630279043145e-05 1.9422890591879738e-02
4890 9.6834428887555816e+01 9.7853965978649740e+01 1.8100982725699176e+01 -1.8730016575658774e-04 1.9609754329793699e-02
4900 9.7031538423606861e+01 9.7333359944772866e+01 2.7297664746339503e+01 7.0993848639318801e-05 1.9793754921884402e-02
4910 9.7230554426377111e+01 9.7353997493402971e+01 3.6384594868176734e+01 1.2895575759727356e-05 1.9994007404392659e-02
4920 9.7431290986937100e+01 9.8267789961874385e+01 4.5167458959708924e+01 1.7699184615776667e-04 2.0055430527410677e-02
4930 9.7630059365833390e+01 9.9598265383515027e+01 5.3068571888009551e+01 4.7978399774630540e-04 1.9734381143343950e-02
4940 9.7825799057100582e+01 1.0132833986682712e+02 5.9842763251154864e+01 1.9427665046205467e-04 1.9449059050418941e-02
4950 9.8018844142466193e+01 1.0328915117712809e+02 6.5372536093784490e+01 2.0324464692358818e-04 1.9190043044780045e-02
4960 9.8209458056873331e+01 1.0545289250977493e+02 6.9639837135212261e+01 2.8464074192478269e-04 1.8960676426983399e-02
4970 9.8397960769277944e+01 1.0758116220463646e+02 7.2642424225230215e+01 2.9596055441640824e-04 1.8765939639044889e-02
4980 9.8584714770816916e+01 1.0958434236521191e+02 7.4429314393993792e+01 3.7018141259097525e-04 1.8605282694479044e-02
4990 9.8770023151994295e+01 1.1132269824159853e+02 7.5053667444631728e+01 1.3126617542376037e-04 1.8475318500013729e-02
5000 9.8954232907457708e+01 1.1272528866347487e+02 7.4464439673479745e+01 1.3863941772613694e-04 1.8383003245324447e-02
5010 9.9137719704168930e+01 1.1383558587896793e+02 7.2898516694672338e+01 1.4527020472987874e-04 1.8324485695029393e-02
5020 9.9320769349719782e+01 1.1452970157490310e+02 7.0409522100936499e+01 1.4906947859684417e-04 1.8293688767356295e-02
5030 9.9503675412465356e+01 1.1484756797322885e+02 6.7144265003403035e+01 1.5782195318033617e-04 1.8290825116525050e-02
5040 9.9686638482253116e+01 1.1479018700574129e+02 6.3104227490172548e+01 1.0311621235348055e-04 1.8303751999866467e-02
5050 9.9869850812516248e+01 1.1437421271480898e+02 5.8469897813279495e+01 2.1318530999591865e-04 1.8338319797436279e-02
5060 1.0005349798629500e+02 1.1349782244383881e+02 5.3155665140659792e+01 2.1366534844037723e-04 1.8389228602912866e-02
5070 1.0023777561581065e+02 1.1233664335313000e+02 4.7330612683020156e+01 9.6566935067105231e-05 1.8463146603016595e-02
5080 1.0042292583798226e+02 1.1078503783017806e+02 4.0959614627698045e+01 2.2370948680750256e-04 1.8561033432453050e-02
5090 1.0060916475742273e+02 1.0894024662122251e+02 3.4081981921468419e+01 2.2499209928225107e-04 1.8676494399563724e-02
5100 1.0079662167348395e+02 1.0694831027610169e+02 2.6688971259146928e+01 1.3402074311119117e-04 1.8804260472906752e-02
5110 1.0098535646870147e+02 1.0491900644073394e+02 1.8775069533718366e+01 3.7059107271123671e-05 1.8930499078923933e-02
5120 1.0117542255586261e+02 1.0284054547664589e+02 1.0511124553650253e+01 8.8844708443675704e-05 1.9072712184156765e-02
5130 1.0136700675562119e+02 1.0096563072100969e+02 1.9481360774329519e+00 8.6809500135916922e-05 1.9225622276212703e-02
5140 1.0156008288530329e+02 9.9296734660275874e+01 -7.0095912980780479e+00 2.6378266333414524e-05 1.9377222330635747e-02
5150 1.0175481172564156e+02 9.8058074460505082e+01 -1.6238250169139064e+01 3.0786398466307672e-05 1.9556444599717140e-02
5160 1.0195143060319613e+02 9.7353312268052164e+01 -2.5459511560480063e+01 -7.9540521088285102e-06 1.9745679851993252e-02
5170 1.0214992920738811e+02 9.7231975671441745e+01 -3.4632406330287630e+01 -1.9870113057835925e-05 1.9938266999354574e-02
5180 1.0235035833818704e+02 9.7895999109414873e+01 -4.3460754293412059e+01 -3.4385670762166307e-05 2.0096995428006449e-02
5190 1.0254975163461422e+02 9.9342458369813656e+01 -5.2014836955461682e+01 -2.6658853424475345e-03 1.9792868634852433e-02
5200 1.0274601905225576e+02 1.0090346852430118e+02 -5.8701747289640835e+01 1.1326549345081667e-04 1.9497612715043737e-02
5210 1.0293954963277641e+02 1.0284165340677829e+02 -6.4519833210544718e+01 -5.9724032591833352e-05 1.9237354985908822e-02
5220 1.0313059561850652e+02 1.0495686154163172e+02 -6.9018693004651965e+01 -4.1893010604649029e-05 1.9000532010736690e-02
5230 1.0331944810325673e+02 1.0710328047593077e+02 -7.2272602382235661e+01 8.4086410859886336e-05 1.8796620472825376e-02
5240 1.0350646748033000e+02 1.0921486972680786e+02 -7.4318148146981116e+01 5.8773292883762918e-05 1.8629897973128941e-02
5250 1.0369198471258990e+02 1.1104682109499198e+02 -7.5205168329499784e+01 -2.2099663690013097e-05 1.8492978451646696e-02
5260 1.0387632666785687e+02 1.1253339903535729e+02 -7.4841427869675897e+01 -5.6451257710320192e-05 1.8391961947230848e-02
5270 1.0405986362619461e+02 1.1375649930205195e+02 -7.3480052119250516e+01 3.2942144199097473e-06 1.8327604605148370e-02
5280 1.0424292582154085e+02 1.1450182214167990e+02 -7.1128972148577105e+01 -1.9968315096339538e-04 1.8292786079366834e-02
5290 1.0442579671981886e+02 1.1491261325276538e+02 -6.8023907297711261e+01 -3.0882531447564869e-04 1.8286075937783756e-02
5300 1.0460869518160506e+02 1.1493866464562625e+02 -6.4106432624419313e+01 -2.3086333353955680e-04 1.8295571169733724e-02
5310 1.0479179916851140e+02 1.1457648811144209e+02 -5.9587307744594270e+01 -1.3050877310183444e-04 1.8325050809429613e-02
5320 1.0497528427494423e+02 1.1381204729439483e+02 -5.4446891939866489e+01 -2.5029028141175806e-04 1.8370701785857299e-02
5330 1.0515934926892479e+02 1.1270284928326033e+02 -4.8649235756871249e+01 -3.7558016824538332e-04 1.8439541720411574e-02
5340 1.0534423448195538e+02 1.1121357215520625e+02 -4.2365215863686984e+01 -7.1232791766721462e-07 1.8532290683101988e-02
5350 1.0553016794020517e+02 1.0944309386450276e+02 -3.5658881010064185e+01 4.9216318748095947e-04 1.8644584881078858e-02
5360 1.0571728530397027e+02 1.0744913265585781e+02 -2.8281735419335291e+01 -2.7174540940956413e-04 1.8769270938554222e-02
5370 1.0590566508387440e+02 1.0541378260474703e+02 -2.0442325490968351e+01 -2.7219992595236875e-04 1.8894023910513549e-02
5380 1.0609534550071481e+02 1.0334151076835933e+02 -1.2243149505622515e+01 -1.7653664345573068e-04 1.9032189477568365e-02
5390 1.0628651732230431e+02 1.0140971236980424e+02 -3.7450515425170203e+00 -1.0357618020814577e-04 1.9184397953486091e-02
5400 1.0647916640276487e+02 9.9713135793162564e+01 5.2056495180941464e+00 9.3954479359432362e-06 1.9332838816750776e-02
5410 1.0667342407127124e+02 9.8354532108950949e+01 1.4329552436661574e+01 2.1857182667616088e-04 1.9506993211162008e-02
5420 1.0686954426185083e+02 9.7590508664355355e+01 2.3702112497120481e+01 2.5233476664989380e-04 1.9695395581404491e-02
5430 1.0706752363541253e+02 9.7364484721742997e+01 3.2927940974071589e+01 2.8145538258709699e-04 1.9884649336115293e-02
5440 1.0726749458369112e+02 9.7837839738021742e+01 4.1860712552425660e+01 2.2934585933148137e-04 2.0075728516873583e-02
5450 1.0746732958044255e+02 9.9175608173664173e+01 5.0383581288901702e+01 -1.3531165197123122e-03 1.9844769892369364e-02
5460 1.0766407200797080e+02 1.0075858636016865e+02 5.7631857119580701e+01 5.7467465896721972e-04 1.9540889940264088e-02
5470 1.0785798351444355e+02 1.0268757175994030e+02 6.3636949559205803e+01 4.6816730016941744e-04 1.9271203038528046e-02
5480 1.0804934061200090e+02 1.0480765802020842e+02 6.8446925697759653e+01 4.5146561346914854e-04 1.9029273016945292e-02
5490 1.0823845407401976e+02 1.0694919092488689e+02 7.1938850104345832e+01 5.3783780228062984e-04 1.8819760287256394e-02
5500 1.0842567874974401e+02 1.0907412978921616e+02 7.4248382323100529e+01 2.7442128012155443e-04 1.8647413703080307e-02
5510 1.0861133940009088e+02 1.1094438884320940e+02 7.5345820431726310e+01 4.5079367203131347e-04 1.8504258571885174e-02
5520 1.0879575288402147e+02 1.1250033263056534e+02 7.5208180493425246e+01 1.2277740258809331e-04 1.8395310125541731e-02
5530 1.0897928965803854e+02 1.1375215272279013e+02 7.4015357285657728e+01 2.0001935484665514e-04 1.8324510272659886e-02
5540 1.0916227434833856e+02 1.1459852718821442e+02 7.1859030602908476e+01 1.2556469266603842e-04 1.8281406024395042e-02
5550 1.0934499437888519e+02 1.1508889744816069e+02 6.8946121185936960e+01 -4.3647176213119189e-04 1.8268903178386794e-02
5560 1.0952770455338447e+02 1.1514888035573209e+02 6.5144115581248641e+01 1.4954032934820562e-04 1.8274889848814389e-02
5570 1.0971057659879202e+02 1.1487243754476725e+02 6.0773536639315253e+01 -9.3962044814608335e-04 1.8300946083812216e-02
5580 1.0989382058645045e+02 1.1420358884304395e+02 5.5752121933489505e+01 1.9161248079133727e-04 1.8345661700160429e-02
5590 1.1007760940673569e+02 1.1310977974086208e+02 5.0067397385344279e+01 6.3566759333317355e-05 1.8409595698819295e-02
5600 1.1026217292306036e+02 1.1166690677204777e+02 4.3940448058400065e+01 -1.6157930784002333e-03 1.8498102531954212e-02
5610 1.1044774788198748e+02 1.0994374797221865e+02 3.7257832463042696e+01 -3.6535491708955672e-04 1.8608534417028592e-02
5620 1.1063449348760764e+02 1.0798647137200690e+02 2.9983658904946314e+01 -4.8957677113677437e-04 1.8730764850243071e-02
5630 1.1082251708238778e+02 1.0594077882776818e+02 2.2263822448883463e+01 -1.0415256123904176e-03 1.8859285036911373e-02
5640 1.1101182415724554e+02 1.0383206505153063e+02 1.4159153865100379e+01 -9.9336873563050888e-04 1.8992020903049130e-02
5650 1.1120258382482967e+02 1.0183363605543262e+02 5.6783283148372981e+00 -9.6643975200963309e-04 1.9146248636821635e-02
5660 1.1139485432975350e+02 1.0005875929594546e+02 -3.1656975409698687e+00 -1.1659676636530682e-03 1.9293556435283736e-02
5670 1.1158867311318060e+02 9.8596853496093757e+01 -1.2324571111311302e+01 -1.2416286836134211e-03 1.9458709177649202e-02
5680 1.1178430894925748e+02 9.7678781657295062e+01 -2.1639403852610286e+01 -1.2241278924024766e-03 1.9649511442211925e-02
5690 1.1198182184381015e+02 9.7317674743909180e+01 -3.0907070829353906e+01 -1.6361417629442267e-03 1.9835726325020626e-02
5700 1.1218129289731149e+02 9.7505645896684712e+01 -3.9993965581272761e+01 -1.7838582391002083e-03 2.0041259271786970e-02
5710 1.1238152928678340e+02 9.8881950691832444e+01 -4.8604831498555669e+01 -1.7223163068977986e-03 1.9910996751203409e-02
5720 1.1257889098438153e+02 1.0032222211517053e+02 -5.6160024914540244e+01 -1.7966707472948590e-03 1.9597964905489162e-02
5730 1.1277334292939108e+02 1.0220742186387857e+02 -6.2449173454066226e+01 -1.6258337634679494e-03 1.9325746794956970e-02
5740 1.1296520429523865e+02 1.0432837906580032e+02 -6.7568115749552987e+01 -1.2919843922938497e-03 1.9076170045373632e-02
5750 1.1315473923347965e+02 1.0653307689040405e+02 -7.1557771913545054e+01 -6.3611737566473766e-04 1.8857912287968463e-02
5760 1.1334228992499472e+02 1.0867251196004433e+02 -7.3916616564638076e+01 -7.2393014060199903e-04 1.8676163762520459e-02
5770 1.1352820303837879e+02 1.1058644109855121e+02 -7.5262653032704335e+01 -2.8072787040516188e-04 1.8526100033946943e-02
5780 1.1371279417159637e+02 1.1223590223193975e+02 -7.5356854964347619e+01 -2.7700150764879315e-04 1.8409802947862753e-02
5790 1.1389643066944960e+02 1.1356369178745470e+02 -7.4411892658230045e+01 -1.4622654830166523e-04 1.8331025897593816e-02
5800 1.1407946133504056e+02 1.1452734096688411e+02 -7.2494474259550842e+01 -6.8561868451998294e-04 1.8284155905165179e-02
